; relder@ifarm2402:dis_xec--❯  ./calc_dis_xsec 
;  Enter theta (deg.),  minimum Eprime (GeV),Eprime-step, # of Eprime bins
; 29.05,1.2,0.01,381
;  Enter input filename (assumed to be in infiles dir)
; hmsdis_4pass_lh2
;  ../../infiles/hmsdis_4pass_lh2.inp                                              opened
;       8583.1       ebeam in MeV
;       381        number of momentum bins in RC table
;       128        number of theta bins in RC table
;       rsidis_4pass_h2cryo18_hms.out    RC table name
;  Radiative corrections file in input file
;  opening ../../rctables/rsidis_4pass_h2cryo18_hms.out                                    
;  number of momentum bins - RAD1         381
;  number of theta bins - RAD1         128
;  Eprime   theta     xBj      Q2       W        Cross section (ub/GeV/sr)
 1.200    29.050    0.187    2.591    3.485    0.00000E+00
 1.210    29.050    0.189    2.613    3.479    0.52818E-02
 1.220    29.050    0.191    2.635    3.473    0.52486E-02
 1.230    29.050    0.193    2.656    3.467    0.52156E-02
 1.240    29.050    0.194    2.678    3.462    0.51828E-02
 1.250    29.050    0.196    2.699    3.456    0.51502E-02
 1.260    29.050    0.198    2.721    3.450    0.51178E-02
 1.270    29.050    0.200    2.743    3.444    0.50856E-02
 1.280    29.050    0.202    2.764    3.438    0.50535E-02
 1.290    29.050    0.204    2.786    3.432    0.50217E-02
 1.300    29.050    0.205    2.807    3.426    0.49900E-02
 1.310    29.050    0.207    2.829    3.420    0.49585E-02
 1.320    29.050    0.209    2.851    3.415    0.49272E-02
 1.330    29.050    0.211    2.872    3.409    0.48960E-02
 1.340    29.050    0.213    2.894    3.403    0.48650E-02
 1.350    29.050    0.215    2.915    3.397    0.48342E-02
 1.360    29.050    0.217    2.937    3.391    0.48035E-02
 1.370    29.050    0.219    2.959    3.385    0.47729E-02
 1.380    29.050    0.220    2.980    3.379    0.47425E-02
 1.390    29.050    0.222    3.002    3.373    0.47122E-02
 1.400    29.050    0.224    3.023    3.367    0.46821E-02
 1.410    29.050    0.226    3.045    3.361    0.46520E-02
 1.420    29.050    0.228    3.067    3.355    0.46222E-02
 1.430    29.050    0.230    3.088    3.349    0.45924E-02
 1.440    29.050    0.232    3.110    3.343    0.45628E-02
 1.450    29.050    0.234    3.131    3.337    0.45334E-02
 1.460    29.050    0.236    3.153    3.331    0.45039E-02
 1.470    29.050    0.238    3.175    3.325    0.44746E-02
 1.480    29.050    0.240    3.196    3.319    0.44455E-02
 1.490    29.050    0.242    3.218    3.313    0.44165E-02
 1.500    29.050    0.244    3.239    3.306    0.43875E-02
 1.510    29.050    0.246    3.261    3.300    0.43587E-02
 1.520    29.050    0.248    3.283    3.294    0.43299E-02
 1.530    29.050    0.250    3.304    3.288    0.43013E-02
 1.540    29.050    0.252    3.326    3.282    0.42728E-02
 1.550    29.050    0.254    3.347    3.276    0.42444E-02
 1.560    29.050    0.256    3.369    3.270    0.42160E-02
 1.570    29.050    0.258    3.391    3.263    0.41878E-02
 1.580    29.050    0.260    3.412    3.257    0.41596E-02
 1.590    29.050    0.262    3.434    3.251    0.41316E-02
 1.600    29.050    0.264    3.455    3.245    0.41035E-02
 1.610    29.050    0.266    3.477    3.239    0.40756E-02
 1.620    29.050    0.268    3.499    3.232    0.40478E-02
 1.630    29.050    0.270    3.520    3.226    0.40200E-02
 1.640    29.050    0.272    3.542    3.220    0.39923E-02
 1.650    29.050    0.274    3.563    3.214    0.39648E-02
 1.660    29.050    0.276    3.585    3.207    0.39373E-02
 1.670    29.050    0.278    3.606    3.201    0.39098E-02
 1.680    29.050    0.280    3.628    3.195    0.38824E-02
 1.690    29.050    0.282    3.650    3.188    0.38551E-02
 1.700    29.050    0.284    3.671    3.182    0.38279E-02
 1.710    29.050    0.286    3.693    3.176    0.38007E-02
 1.720    29.050    0.288    3.714    3.169    0.37736E-02
 1.730    29.050    0.291    3.736    3.163    0.37466E-02
 1.740    29.050    0.293    3.758    3.157    0.37196E-02
 1.750    29.050    0.295    3.779    3.150    0.36927E-02
 1.760    29.050    0.297    3.801    3.144    0.36658E-02
 1.770    29.050    0.299    3.822    3.137    0.36391E-02
 1.780    29.050    0.301    3.844    3.131    0.36124E-02
 1.790    29.050    0.303    3.866    3.124    0.35857E-02
 1.800    29.050    0.305    3.887    3.118    0.35591E-02
 1.810    29.050    0.308    3.909    3.112    0.35325E-02
 1.820    29.050    0.310    3.930    3.105    0.35061E-02
 1.830    29.050    0.312    3.952    3.099    0.34797E-02
 1.840    29.050    0.314    3.974    3.092    0.34532E-02
 1.850    29.050    0.316    3.995    3.085    0.34269E-02
 1.860    29.050    0.318    4.017    3.079    0.34006E-02
 1.870    29.050    0.321    4.038    3.072    0.33745E-02
 1.880    29.050    0.323    4.060    3.066    0.33483E-02
 1.890    29.050    0.325    4.082    3.059    0.33221E-02
 1.900    29.050    0.327    4.103    3.053    0.32961E-02
 1.910    29.050    0.329    4.125    3.046    0.32701E-02
 1.920    29.050    0.332    4.146    3.039    0.32441E-02
 1.930    29.050    0.334    4.168    3.033    0.32182E-02
 1.940    29.050    0.336    4.190    3.026    0.31923E-02
 1.950    29.050    0.338    4.211    3.019    0.31665E-02
 1.960    29.050    0.341    4.233    3.013    0.31408E-02
 1.970    29.050    0.343    4.254    3.006    0.31151E-02
 1.980    29.050    0.345    4.276    2.999    0.30894E-02
 1.990    29.050    0.347    4.298    2.992    0.30638E-02
 2.000    29.050    0.350    4.319    2.986    0.30382E-02
 2.010    29.050    0.352    4.341    2.979    0.30127E-02
 2.020    29.050    0.354    4.362    2.972    0.29872E-02
 2.030    29.050    0.356    4.384    2.965    0.29618E-02
 2.040    29.050    0.359    4.406    2.959    0.29364E-02
 2.050    29.050    0.361    4.427    2.952    0.29111E-02
 2.060    29.050    0.363    4.449    2.945    0.28858E-02
 2.070    29.050    0.366    4.470    2.938    0.28606E-02
 2.080    29.050    0.368    4.492    2.931    0.28354E-02
 2.090    29.050    0.370    4.514    2.924    0.28102E-02
 2.100    29.050    0.373    4.535    2.917    0.27852E-02
 2.110    29.050    0.375    4.557    2.910    0.27601E-02
 2.120    29.050    0.377    4.578    2.904    0.27351E-02
 2.130    29.050    0.380    4.600    2.897    0.27102E-02
 2.140    29.050    0.382    4.621    2.890    0.26853E-02
 2.150    29.050    0.385    4.643    2.883    0.26605E-02
 2.160    29.050    0.387    4.665    2.876    0.26357E-02
 2.170    29.050    0.389    4.686    2.869    0.26110E-02
 2.180    29.050    0.392    4.708    2.862    0.25863E-02
 2.190    29.050    0.394    4.729    2.854    0.25616E-02
 2.200    29.050    0.397    4.751    2.847    0.25371E-02
 2.210    29.050    0.399    4.773    2.840    0.25125E-02
 2.220    29.050    0.402    4.794    2.833    0.24880E-02
 2.230    29.050    0.404    4.816    2.826    0.24636E-02
 2.240    29.050    0.406    4.837    2.819    0.24392E-02
 2.250    29.050    0.409    4.859    2.812    0.24149E-02
 2.260    29.050    0.411    4.881    2.805    0.23906E-02
 2.270    29.050    0.414    4.902    2.797    0.23664E-02
 2.280    29.050    0.416    4.924    2.790    0.23422E-02
 2.290    29.050    0.419    4.945    2.783    0.23181E-02
 2.300    29.050    0.421    4.967    2.776    0.22941E-02
 2.310    29.050    0.424    4.989    2.768    0.22701E-02
 2.320    29.050    0.426    5.010    2.761    0.22461E-02
 2.330    29.050    0.429    5.032    2.754    0.22223E-02
 2.340    29.050    0.431    5.053    2.746    0.21984E-02
 2.350    29.050    0.434    5.075    2.739    0.21747E-02
 2.360    29.050    0.436    5.097    2.732    0.21510E-02
 2.370    29.050    0.439    5.118    2.724    0.21274E-02
 2.380    29.050    0.442    5.140    2.717    0.21039E-02
 2.390    29.050    0.444    5.161    2.709    0.20804E-02
 2.400    29.050    0.447    5.183    2.702    0.20569E-02
 2.410    29.050    0.449    5.205    2.694    0.20335E-02
 2.420    29.050    0.452    5.226    2.687    0.20102E-02
 2.430    29.050    0.454    5.248    2.679    0.19871E-02
 2.440    29.050    0.457    5.269    2.672    0.19639E-02
 2.450    29.050    0.460    5.291    2.664    0.19408E-02
 2.460    29.050    0.462    5.313    2.657    0.19178E-02
 2.470    29.050    0.465    5.334    2.649    0.18949E-02
 2.480    29.050    0.468    5.356    2.641    0.18720E-02
 2.490    29.050    0.470    5.377    2.634    0.18492E-02
 2.500    29.050    0.473    5.399    2.626    0.18265E-02
 2.510    29.050    0.476    5.421    2.618    0.18039E-02
 2.520    29.050    0.478    5.442    2.611    0.17814E-02
 2.530    29.050    0.481    5.464    2.603    0.17589E-02
 2.540    29.050    0.484    5.485    2.595    0.17365E-02
 2.550    29.050    0.486    5.507    2.587    0.17142E-02
 2.560    29.050    0.489    5.529    2.580    0.16920E-02
 2.570    29.050    0.492    5.550    2.572    0.16698E-02
 2.580    29.050    0.495    5.572    2.564    0.16478E-02
 2.590    29.050    0.497    5.593    2.556    0.16259E-02
 2.600    29.050    0.500    5.615    2.548    0.16040E-02
 2.610    29.050    0.503    5.636    2.540    0.15823E-02
 2.620    29.050    0.506    5.658    2.532    0.15606E-02
 2.630    29.050    0.508    5.680    2.524    0.15391E-02
 2.640    29.050    0.511    5.701    2.516    0.15176E-02
 2.650    29.050    0.514    5.723    2.508    0.14962E-02
 2.660    29.050    0.517    5.744    2.500    0.14749E-02
 2.670    29.050    0.520    5.766    2.492    0.14538E-02
 2.680    29.050    0.522    5.788    2.484    0.14327E-02
 2.690    29.050    0.525    5.809    2.476    0.14118E-02
 2.700    29.050    0.528    5.831    2.468    0.13909E-02
 2.710    29.050    0.531    5.852    2.459    0.13703E-02
 2.720    29.050    0.534    5.874    2.451    0.13496E-02
 2.730    29.050    0.537    5.896    2.443    0.13292E-02
 2.740    29.050    0.540    5.917    2.435    0.13087E-02
 2.750    29.050    0.543    5.939    2.426    0.12885E-02
 2.760    29.050    0.545    5.960    2.418    0.12684E-02
 2.770    29.050    0.548    5.982    2.410    0.12484E-02
 2.780    29.050    0.551    6.004    2.401    0.12285E-02
 2.790    29.050    0.554    6.025    2.393    0.12088E-02
 2.800    29.050    0.557    6.047    2.384    0.11892E-02
 2.810    29.050    0.560    6.068    2.376    0.11697E-02
 2.820    29.050    0.563    6.090    2.368    0.11504E-02
 2.830    29.050    0.566    6.112    2.359    0.11312E-02
 2.840    29.050    0.569    6.133    2.350    0.11121E-02
 2.850    29.050    0.572    6.155    2.342    0.10933E-02
 2.860    29.050    0.575    6.176    2.333    0.10744E-02
 2.870    29.050    0.578    6.198    2.324    0.10558E-02
 2.880    29.050    0.581    6.220    2.316    0.10374E-02
 2.890    29.050    0.584    6.241    2.307    0.10191E-02
 2.900    29.050    0.587    6.263    2.298    0.10010E-02
 2.910    29.050    0.590    6.284    2.290    0.98304E-03
 2.920    29.050    0.593    6.306    2.281    0.96521E-03
 2.930    29.050    0.596    6.328    2.272    0.94757E-03
 2.940    29.050    0.600    6.349    2.263    0.93009E-03
 2.950    29.050    0.603    6.371    2.254    0.91280E-03
 2.960    29.050    0.606    6.392    2.245    0.89568E-03
 2.970    29.050    0.609    6.414    2.236    0.87873E-03
 2.980    29.050    0.612    6.436    2.227    0.86196E-03
 2.990    29.050    0.615    6.457    2.218    0.84538E-03
 3.000    29.050    0.618    6.479    2.209    0.82898E-03
 3.010    29.050    0.622    6.500    2.200    0.81277E-03
 3.020    29.050    0.625    6.522    2.190    0.79673E-03
 3.030    29.050    0.628    6.544    2.181    0.78089E-03
 3.040    29.050    0.631    6.565    2.172    0.76523E-03
 3.050    29.050    0.634    6.587    2.163    0.74976E-03
 3.060    29.050    0.638    6.608    2.153    0.73447E-03
 3.070    29.050    0.641    6.630    2.144    0.71937E-03
 3.080    29.050    0.644    6.651    2.134    0.70445E-03
 3.090    29.050    0.647    6.673    2.125    0.68970E-03
 3.100    29.050    0.651    6.695    2.115    0.67513E-03
 3.110    29.050    0.654    6.716    2.106    0.66073E-03
 3.120    29.050    0.657    6.738    2.096    0.64649E-03
 3.130    29.050    0.661    6.759    2.087    0.63241E-03
 3.140    29.050    0.664    6.781    2.077    0.61847E-03
 3.150    29.050    0.667    6.803    2.067    0.60467E-03
 3.160    29.050    0.671    6.824    2.057    0.59100E-03
 3.170    29.050    0.674    6.846    2.048    0.57745E-03
 3.180    29.050    0.677    6.867    2.038    0.56402E-03
 3.190    29.050    0.681    6.889    2.028    0.55067E-03
 3.200    29.050    0.684    6.911    2.018    0.53742E-03
 3.210    29.050    0.688    6.932    2.008    0.52423E-03
 3.220    29.050    0.691    6.954    1.998    0.51113E-03
 3.230    29.050    0.694    6.975    1.988    0.49807E-03
 3.240    29.050    0.698    6.997    1.977    0.48507E-03
 3.250    29.050    0.701    7.019    1.967    0.47211E-03
 3.260    29.050    0.705    7.040    1.957    0.45921E-03
 3.270    29.050    0.708    7.062    1.946    0.44636E-03
 3.280    29.050    0.712    7.083    1.936    0.43357E-03
 3.290    29.050    0.715    7.105    1.926    0.42084E-03
 3.300    29.050    0.719    7.127    1.915    0.40820E-03
 3.310    29.050    0.722    7.148    1.905    0.39566E-03
 3.320    29.050    0.726    7.170    1.894    0.38325E-03
 3.330    29.050    0.730    7.191    1.883    0.37101E-03
 3.340    29.050    0.733    7.213    1.873    0.35897E-03
 3.350    29.050    0.737    7.235    1.862    0.34718E-03
 3.360    29.050    0.740    7.256    1.851    0.33570E-03
 3.370    29.050    0.744    7.278    1.840    0.32460E-03
 3.380    29.050    0.748    7.299    1.829    0.31398E-03
 3.390    29.050    0.751    7.321    1.818    0.30399E-03
 3.400    29.050    0.755    7.343    1.807    0.29478E-03
 3.410    29.050    0.759    7.364    1.795    0.28660E-03
 3.420    29.050    0.762    7.386    1.784    0.27976E-03
 3.430    29.050    0.766    7.407    1.773    0.27464E-03
 3.440    29.050    0.770    7.429    1.761    0.27156E-03
 3.450    29.050    0.773    7.451    1.750    0.27051E-03
 3.460    29.050    0.777    7.472    1.738    0.27067E-03
 3.470    29.050    0.781    7.494    1.727    0.27049E-03
 3.480    29.050    0.785    7.515    1.715    0.26778E-03
 3.490    29.050    0.789    7.537    1.703    0.25977E-03
 3.500    29.050    0.792    7.559    1.691    0.24553E-03
 3.510    29.050    0.796    7.580    1.679    0.22736E-03
 3.520    29.050    0.800    7.602    1.667    0.20784E-03
 3.530    29.050    0.804    7.623    1.655    0.18923E-03
 3.540    29.050    0.808    7.645    1.643    0.17327E-03
 3.550    29.050    0.812    7.666    1.631    0.16029E-03
 3.560    29.050    0.816    7.688    1.618    0.14991E-03
 3.570    29.050    0.820    7.710    1.606    0.14174E-03
 3.580    29.050    0.823    7.731    1.593    0.13561E-03
 3.590    29.050    0.827    7.753    1.580    0.13158E-03
 3.600    29.050    0.831    7.774    1.567    0.12988E-03
 3.610    29.050    0.835    7.796    1.555    0.13070E-03
 3.620    29.050    0.839    7.818    1.541    0.13351E-03
 3.630    29.050    0.843    7.839    1.528    0.13672E-03
 3.640    29.050    0.847    7.861    1.515    0.13881E-03
 3.650    29.050    0.851    7.882    1.502    0.13716E-03
 3.660    29.050    0.856    7.904    1.488    0.12813E-03
 3.670    29.050    0.860    7.926    1.475    0.11387E-03
 3.680    29.050    0.864    7.947    1.461    0.99901E-04
 3.690    29.050    0.868    7.969    1.447    0.88803E-04
 3.700    29.050    0.872    7.990    1.433    0.80458E-04
 3.710    29.050    0.876    8.012    1.419    0.74028E-04
 3.720    29.050    0.880    8.034    1.404    0.68774E-04
 3.730    29.050    0.885    8.055    1.390    0.64171E-04
 3.740    29.050    0.889    8.077    1.375    0.59877E-04
 3.750    29.050    0.893    8.098    1.361    0.55694E-04
 3.760    29.050    0.897    8.120    1.346    0.51543E-04
 3.770    29.050    0.901    8.142    1.331    0.47459E-04
 3.780    29.050    0.906    8.163    1.315    0.43573E-04
 3.790    29.050    0.910    8.185    1.300    0.40088E-04
 3.800    29.050    0.914    8.206    1.284    0.37211E-04
 3.810    29.050    0.919    8.228    1.269    0.35003E-04
 3.820    29.050    0.923    8.250    1.253    0.33202E-04
 3.830    29.050    0.927    8.271    1.236    0.31346E-04
 3.840    29.050    0.932    8.293    1.220    0.29036E-04
 3.850    29.050    0.936    8.314    1.203    0.25376E-04
 3.860    29.050    0.941    8.336    1.186    0.19722E-04
 3.870    29.050    0.945    8.358    1.169    0.13504E-04
 3.880    29.050    0.949    8.379    1.152    0.83966E-05
 3.890    29.050    0.954    8.401    1.134    0.47998E-05
 3.900    29.050    0.958    8.422    1.116    0.24780E-05
 3.910    29.050    0.963    8.444    1.098    0.10568E-05
 3.920    29.050    0.967    8.466    1.080    0.23157E-06
 3.930    29.050    0.972    8.487    1.061    0.10284E-19
 3.940    29.050    0.977    8.509    1.041    0.00000E+00
 3.950    29.050    0.981    8.530    1.022    0.00000E+00
 3.960    29.050    0.986    8.552    1.002    0.00000E+00
 3.970    29.050    0.990    8.573    0.982    0.00000E+00
 3.980    29.050    0.995    8.595    0.961    0.00000E+00
 3.990    29.050    1.000    8.617    0.940    0.00000E+00
 4.000    29.050    1.004    8.638    0.918    0.00000E+00
 4.010    29.050    1.009    8.660    0.896    0.00000E+00
 4.020    29.050    1.014    8.681    0.873    0.00000E+00
 4.030    29.050    1.019    8.703    0.849    0.00000E+00
 4.040    29.050    1.023    8.725    0.825    0.00000E+00
 4.050    29.050    1.028    8.746    0.800    0.00000E+00
 4.060    29.050    1.033    8.768    0.775    0.00000E+00
 4.070    29.050    1.038    8.789    0.748    0.00000E+00
 4.080    29.050    1.043    8.811    0.721    0.00000E+00
 4.090    29.050    1.048    8.833    0.692    0.00000E+00
 4.100    29.050    1.052    8.854    0.662    0.00000E+00
 4.110    29.050    1.057    8.876    0.631    0.00000E+00
 4.120    29.050    1.062    8.897    0.598    0.00000E+00
 4.130    29.050    1.067    8.919    0.564    0.00000E+00
 4.140    29.050    1.072    8.941    0.527    0.00000E+00
 4.150    29.050    1.077    8.962    0.487    0.00000E+00
 4.160    29.050    1.082    8.984    0.443    0.00000E+00
 4.170    29.050    1.087    9.005    0.395    0.00000E+00
 4.180    29.050    1.093    9.027    0.341    0.00000E+00
 4.190    29.050    1.098    9.049    0.275    0.00000E+00
 4.200    29.050    1.103    9.070    0.188    0.00000E+00
 4.210    29.050    1.108    9.092      NaN    0.00000E+00
 4.220    29.050    1.113    9.113      NaN    0.00000E+00
 4.230    29.050    1.118    9.135      NaN    0.00000E+00
 4.240    29.050    1.124    9.157      NaN    0.00000E+00
 4.250    29.050    1.129    9.178      NaN    0.00000E+00
 4.260    29.050    1.134    9.200      NaN    0.00000E+00
 4.270    29.050    1.139    9.221      NaN    0.00000E+00
 4.280    29.050    1.145    9.243      NaN    0.00000E+00
 4.290    29.050    1.150    9.265      NaN    0.00000E+00
 4.300    29.050    1.155    9.286      NaN    0.00000E+00
 4.310    29.050    1.161    9.308      NaN    0.00000E+00
 4.320    29.050    1.166    9.329      NaN    0.00000E+00
 4.330    29.050    1.172    9.351      NaN    0.00000E+00
 4.340    29.050    1.177    9.373      NaN    0.00000E+00
 4.350    29.050    1.183    9.394      NaN    0.00000E+00
 4.360    29.050    1.188    9.416      NaN    0.00000E+00
 4.370    29.050    1.194    9.437      NaN    0.00000E+00
 4.380    29.050    1.199    9.459      NaN    0.00000E+00
 4.390    29.050    1.205    9.481      NaN    0.00000E+00
 4.400    29.050    1.210    9.502      NaN    0.00000E+00
 4.410    29.050    1.216    9.524      NaN    0.00000E+00
 4.420    29.050    1.222    9.545      NaN    0.00000E+00
 4.430    29.050    1.228    9.567      NaN    0.00000E+00
 4.440    29.050    1.233    9.588      NaN    0.00000E+00
 4.450    29.050    1.239    9.610      NaN    0.00000E+00
 4.460    29.050    1.245    9.632      NaN    0.00000E+00
 4.470    29.050    1.251    9.653      NaN    0.00000E+00
 4.480    29.050    1.257    9.675      NaN    0.00000E+00
 4.490    29.050    1.262    9.696      NaN    0.00000E+00
 4.500    29.050    1.268    9.718      NaN    0.00000E+00
 4.510    29.050    1.274    9.740      NaN    0.00000E+00
 4.520    29.050    1.280    9.761      NaN    0.00000E+00
 4.530    29.050    1.286    9.783      NaN    0.00000E+00
 4.540    29.050    1.292    9.804      NaN    0.00000E+00
 4.550    29.050    1.298    9.826      NaN    0.00000E+00
 4.560    29.050    1.304    9.848      NaN    0.00000E+00
 4.570    29.050    1.311    9.869      NaN    0.00000E+00
 4.580    29.050    1.317    9.891      NaN    0.00000E+00
 4.590    29.050    1.323    9.912      NaN    0.00000E+00
 4.600    29.050    1.329    9.934      NaN    0.00000E+00
 4.610    29.050    1.335    9.956      NaN    0.00000E+00
 4.620    29.050    1.342    9.977      NaN    0.00000E+00
 4.630    29.050    1.348    9.999      NaN    0.00000E+00
 4.640    29.050    1.354    *****      NaN    0.00000E+00
 4.650    29.050    1.361    *****      NaN    0.00000E+00
 4.660    29.050    1.367    *****      NaN    0.00000E+00
 4.670    29.050    1.373    *****      NaN    0.00000E+00
 4.680    29.050    1.380    *****      NaN    0.00000E+00
 4.690    29.050    1.386    *****      NaN    0.00000E+00
 4.700    29.050    1.393    *****      NaN    0.00000E+00
 4.710    29.050    1.399    *****      NaN    0.00000E+00
 4.720    29.050    1.406    *****      NaN    0.00000E+00
 4.730    29.050    1.413    *****      NaN    0.00000E+00
 4.740    29.050    1.419    *****      NaN    0.00000E+00
 4.750    29.050    1.426    *****      NaN    0.00000E+00
 4.760    29.050    1.433    *****      NaN    0.00000E+00
 4.770    29.050    1.440    *****      NaN    0.00000E+00
 4.780    29.050    1.446    *****      NaN    0.00000E+00
 4.790    29.050    1.453    *****      NaN    0.00000E+00
 4.800    29.050    1.460    *****      NaN    0.00000E+00
 4.810    29.050    1.467    *****      NaN    0.00000E+00
 4.820    29.050    1.474    *****      NaN    0.00000E+00
 4.830    29.050    1.481    *****      NaN    0.00000E+00
 4.840    29.050    1.488    *****      NaN    0.00000E+00
 4.850    29.050    1.495    *****      NaN    0.00000E+00
 4.860    29.050    1.502    *****      NaN    0.00000E+00
 4.870    29.050    1.509    *****      NaN    0.00000E+00
 4.880    29.050    1.517    *****      NaN    0.00000E+00
 4.890    29.050    1.524    *****      NaN    0.00000E+00
 4.900    29.050    1.531    *****      NaN    0.00000E+00
 4.910    29.050    1.538    *****      NaN    0.00000E+00
 4.920    29.050    1.546    *****      NaN    0.00000E+00
 4.930    29.050    1.553    *****      NaN    0.00000E+00
 4.940    29.050    1.561    *****      NaN    0.00000E+00
 4.950    29.050    1.568    *****      NaN    0.00000E+00
 4.960    29.050    1.575    *****      NaN    0.00000E+00
 4.970    29.050    1.583    *****      NaN    0.00000E+00
 4.980    29.050    1.591    *****      NaN    0.00000E+00
 4.990    29.050    1.598    *****      NaN    0.00000E+00
 5.000    29.050    1.606    *****      NaN    0.00000E+00
