; relder@ifarm2402:dis_xec--❯  ./calc_dis_xsec 
;  Enter theta (deg.),  minimum Eprime (GeV),Eprime-step, # of Eprime bins
; 29.05,1.2,0.01,381
;  Enter input filename (assumed to be in infiles dir)
; hmsdis_4pass_cu
;  ../../infiles/hmsdis_4pass_cu.inp                                               opened
;       8583.1       ebeam in MeV
;       381        number of momentum bins in RC table
;       128        number of theta bins in RC table
;       rsidis_4pass_copper25_hms.out    RC table name
;  Radiative corrections file in input file
;  opening ../../rctables/rsidis_4pass_copper25_hms.out                                    
;  number of momentum bins - RAD1         381
;  number of theta bins - RAD1         128
;  Eprime   theta     xBj      Q2       W        Cross section (ub/GeV/sr)
 1.200    29.050    0.187    2.591    3.485    0.00000E+00
 1.210    29.050    0.189    2.613    3.479    0.15490E+00
 1.220    29.050    0.191    2.635    3.473    0.15372E+00
 1.230    29.050    0.193    2.656    3.467    0.15272E+00
 1.240    29.050    0.194    2.678    3.462    0.15155E+00
 1.250    29.050    0.196    2.699    3.456    0.15055E+00
 1.260    29.050    0.198    2.721    3.450    0.14936E+00
 1.270    29.050    0.200    2.743    3.444    0.14835E+00
 1.280    29.050    0.202    2.764    3.438    0.14713E+00
 1.290    29.050    0.204    2.786    3.432    0.14610E+00
 1.300    29.050    0.205    2.807    3.426    0.14491E+00
 1.310    29.050    0.207    2.829    3.420    0.14373E+00
 1.320    29.050    0.209    2.851    3.415    0.14269E+00
 1.330    29.050    0.211    2.872    3.409    0.14148E+00
 1.340    29.050    0.213    2.894    3.403    0.14041E+00
 1.350    29.050    0.215    2.915    3.397    0.13922E+00
 1.360    29.050    0.217    2.937    3.391    0.13816E+00
 1.370    29.050    0.219    2.959    3.385    0.13701E+00
 1.380    29.050    0.220    2.980    3.379    0.13592E+00
 1.390    29.050    0.222    3.002    3.373    0.13477E+00
 1.400    29.050    0.224    3.023    3.367    0.13369E+00
 1.410    29.050    0.226    3.045    3.361    0.13251E+00
 1.420    29.050    0.228    3.067    3.355    0.13142E+00
 1.430    29.050    0.230    3.088    3.349    0.13033E+00
 1.440    29.050    0.232    3.110    3.343    0.12926E+00
 1.450    29.050    0.234    3.131    3.337    0.12817E+00
 1.460    29.050    0.236    3.153    3.331    0.12709E+00
 1.470    29.050    0.238    3.175    3.325    0.12601E+00
 1.480    29.050    0.240    3.196    3.319    0.12496E+00
 1.490    29.050    0.242    3.218    3.313    0.12390E+00
 1.500    29.050    0.244    3.239    3.306    0.12288E+00
 1.510    29.050    0.246    3.261    3.300    0.12182E+00
 1.520    29.050    0.248    3.283    3.294    0.12083E+00
 1.530    29.050    0.250    3.304    3.288    0.11980E+00
 1.540    29.050    0.252    3.326    3.282    0.11882E+00
 1.550    29.050    0.254    3.347    3.276    0.11778E+00
 1.560    29.050    0.256    3.369    3.270    0.11684E+00
 1.570    29.050    0.258    3.391    3.263    0.11581E+00
 1.580    29.050    0.260    3.412    3.257    0.11491E+00
 1.590    29.050    0.262    3.434    3.251    0.11387E+00
 1.600    29.050    0.264    3.455    3.245    0.11297E+00
 1.610    29.050    0.266    3.477    3.239    0.11201E+00
 1.620    29.050    0.268    3.499    3.232    0.11106E+00
 1.630    29.050    0.270    3.520    3.226    0.11012E+00
 1.640    29.050    0.272    3.542    3.220    0.10920E+00
 1.650    29.050    0.274    3.563    3.214    0.10825E+00
 1.660    29.050    0.276    3.585    3.207    0.10734E+00
 1.670    29.050    0.278    3.606    3.201    0.10648E+00
 1.680    29.050    0.280    3.628    3.195    0.10550E+00
 1.690    29.050    0.282    3.650    3.188    0.10460E+00
 1.700    29.050    0.284    3.671    3.182    0.10367E+00
 1.710    29.050    0.286    3.693    3.176    0.10276E+00
 1.720    29.050    0.288    3.714    3.169    0.10183E+00
 1.730    29.050    0.291    3.736    3.163    0.10093E+00
 1.740    29.050    0.293    3.758    3.157    0.99959E-01
 1.750    29.050    0.295    3.779    3.150    0.99088E-01
 1.760    29.050    0.297    3.801    3.144    0.98236E-01
 1.770    29.050    0.299    3.822    3.137    0.97237E-01
 1.780    29.050    0.301    3.844    3.131    0.96388E-01
 1.790    29.050    0.303    3.866    3.124    0.95372E-01
 1.800    29.050    0.305    3.887    3.118    0.94506E-01
 1.810    29.050    0.308    3.909    3.112    0.93545E-01
 1.820    29.050    0.310    3.930    3.105    0.92639E-01
 1.830    29.050    0.312    3.952    3.099    0.91787E-01
 1.840    29.050    0.314    3.974    3.092    0.90788E-01
 1.850    29.050    0.316    3.995    3.085    0.89931E-01
 1.860    29.050    0.318    4.017    3.079    0.88972E-01
 1.870    29.050    0.321    4.038    3.072    0.88079E-01
 1.880    29.050    0.323    4.060    3.066    0.87162E-01
 1.890    29.050    0.325    4.082    3.059    0.86262E-01
 1.900    29.050    0.327    4.103    3.053    0.85389E-01
 1.910    29.050    0.329    4.125    3.046    0.84474E-01
 1.920    29.050    0.332    4.146    3.039    0.83594E-01
 1.930    29.050    0.334    4.168    3.033    0.82713E-01
 1.940    29.050    0.336    4.190    3.026    0.81838E-01
 1.950    29.050    0.338    4.211    3.019    0.80994E-01
 1.960    29.050    0.341    4.233    3.013    0.80143E-01
 1.970    29.050    0.343    4.254    3.006    0.79288E-01
 1.980    29.050    0.345    4.276    2.999    0.78458E-01
 1.990    29.050    0.347    4.298    2.992    0.77628E-01
 2.000    29.050    0.350    4.319    2.986    0.76794E-01
 2.010    29.050    0.352    4.341    2.979    0.75982E-01
 2.020    29.050    0.354    4.362    2.972    0.75170E-01
 2.030    29.050    0.356    4.384    2.965    0.74389E-01
 2.040    29.050    0.359    4.406    2.959    0.73593E-01
 2.050    29.050    0.361    4.427    2.952    0.72805E-01
 2.060    29.050    0.363    4.449    2.945    0.72047E-01
 2.070    29.050    0.366    4.470    2.938    0.71262E-01
 2.080    29.050    0.368    4.492    2.931    0.70485E-01
 2.090    29.050    0.370    4.514    2.924    0.69740E-01
 2.100    29.050    0.373    4.535    2.917    0.68970E-01
 2.110    29.050    0.375    4.557    2.910    0.68190E-01
 2.120    29.050    0.377    4.578    2.904    0.67471E-01
 2.130    29.050    0.380    4.600    2.897    0.66696E-01
 2.140    29.050    0.382    4.621    2.890    0.65957E-01
 2.150    29.050    0.385    4.643    2.883    0.65224E-01
 2.160    29.050    0.387    4.665    2.876    0.64439E-01
 2.170    29.050    0.389    4.686    2.869    0.63706E-01
 2.180    29.050    0.392    4.708    2.862    0.62967E-01
 2.190    29.050    0.394    4.729    2.854    0.62240E-01
 2.200    29.050    0.397    4.751    2.847    0.61468E-01
 2.210    29.050    0.399    4.773    2.840    0.60730E-01
 2.220    29.050    0.402    4.794    2.833    0.59991E-01
 2.230    29.050    0.404    4.816    2.826    0.59249E-01
 2.240    29.050    0.406    4.837    2.819    0.58521E-01
 2.250    29.050    0.409    4.859    2.812    0.57780E-01
 2.260    29.050    0.411    4.881    2.805    0.57054E-01
 2.270    29.050    0.414    4.902    2.797    0.56329E-01
 2.280    29.050    0.416    4.924    2.790    0.55621E-01
 2.290    29.050    0.419    4.945    2.783    0.54920E-01
 2.300    29.050    0.421    4.967    2.776    0.54189E-01
 2.310    29.050    0.424    4.989    2.768    0.53497E-01
 2.320    29.050    0.426    5.010    2.761    0.52822E-01
 2.330    29.050    0.429    5.032    2.754    0.52148E-01
 2.340    29.050    0.431    5.053    2.746    0.51450E-01
 2.350    29.050    0.434    5.075    2.739    0.50786E-01
 2.360    29.050    0.436    5.097    2.732    0.50128E-01
 2.370    29.050    0.439    5.118    2.724    0.49475E-01
 2.380    29.050    0.442    5.140    2.717    0.48841E-01
 2.390    29.050    0.444    5.161    2.709    0.48185E-01
 2.400    29.050    0.447    5.183    2.702    0.47536E-01
 2.410    29.050    0.449    5.205    2.694    0.46913E-01
 2.420    29.050    0.452    5.226    2.687    0.46291E-01
 2.430    29.050    0.454    5.248    2.679    0.45661E-01
 2.440    29.050    0.457    5.269    2.672    0.45047E-01
 2.450    29.050    0.460    5.291    2.664    0.44409E-01
 2.460    29.050    0.462    5.313    2.657    0.43809E-01
 2.470    29.050    0.465    5.334    2.649    0.43196E-01
 2.480    29.050    0.468    5.356    2.641    0.42587E-01
 2.490    29.050    0.470    5.377    2.634    0.41988E-01
 2.500    29.050    0.473    5.399    2.626    0.41384E-01
 2.510    29.050    0.476    5.421    2.618    0.40754E-01
 2.520    29.050    0.478    5.442    2.611    0.40163E-01
 2.530    29.050    0.481    5.464    2.603    0.39570E-01
 2.540    29.050    0.484    5.485    2.595    0.38979E-01
 2.550    29.050    0.486    5.507    2.587    0.38389E-01
 2.560    29.050    0.489    5.529    2.580    0.37805E-01
 2.570    29.050    0.492    5.550    2.572    0.37206E-01
 2.580    29.050    0.495    5.572    2.564    0.36636E-01
 2.590    29.050    0.497    5.593    2.556    0.36072E-01
 2.600    29.050    0.500    5.615    2.548    0.35518E-01
 2.610    29.050    0.503    5.636    2.540    0.34962E-01
 2.620    29.050    0.506    5.658    2.532    0.34399E-01
 2.630    29.050    0.508    5.680    2.524    0.33848E-01
 2.640    29.050    0.511    5.701    2.516    0.33307E-01
 2.650    29.050    0.514    5.723    2.508    0.32782E-01
 2.660    29.050    0.517    5.744    2.500    0.32256E-01
 2.670    29.050    0.520    5.766    2.492    0.31735E-01
 2.680    29.050    0.522    5.788    2.484    0.31217E-01
 2.690    29.050    0.525    5.809    2.476    0.30703E-01
 2.700    29.050    0.528    5.831    2.468    0.30196E-01
 2.710    29.050    0.531    5.852    2.459    0.29700E-01
 2.720    29.050    0.534    5.874    2.451    0.29203E-01
 2.730    29.050    0.537    5.896    2.443    0.28701E-01
 2.740    29.050    0.540    5.917    2.435    0.28190E-01
 2.750    29.050    0.543    5.939    2.426    0.27698E-01
 2.760    29.050    0.545    5.960    2.418    0.27210E-01
 2.770    29.050    0.548    5.982    2.410    0.26725E-01
 2.780    29.050    0.551    6.004    2.401    0.26247E-01
 2.790    29.050    0.554    6.025    2.393    0.25770E-01
 2.800    29.050    0.557    6.047    2.384    0.25299E-01
 2.810    29.050    0.560    6.068    2.376    0.24832E-01
 2.820    29.050    0.563    6.090    2.368    0.24370E-01
 2.830    29.050    0.566    6.112    2.359    0.23916E-01
 2.840    29.050    0.569    6.133    2.350    0.23465E-01
 2.850    29.050    0.572    6.155    2.342    0.23021E-01
 2.860    29.050    0.575    6.176    2.333    0.22581E-01
 2.870    29.050    0.578    6.198    2.324    0.22148E-01
 2.880    29.050    0.581    6.220    2.316    0.21719E-01
 2.890    29.050    0.584    6.241    2.307    0.21295E-01
 2.900    29.050    0.587    6.263    2.298    0.20877E-01
 2.910    29.050    0.590    6.284    2.290    0.20464E-01
 2.920    29.050    0.593    6.306    2.281    0.20054E-01
 2.930    29.050    0.596    6.328    2.272    0.19648E-01
 2.940    29.050    0.600    6.349    2.263    0.19246E-01
 2.950    29.050    0.603    6.371    2.254    0.18861E-01
 2.960    29.050    0.606    6.392    2.245    0.18466E-01
 2.970    29.050    0.609    6.414    2.236    0.18075E-01
 2.980    29.050    0.612    6.436    2.227    0.17697E-01
 2.990    29.050    0.615    6.457    2.218    0.17317E-01
 3.000    29.050    0.618    6.479    2.209    0.16942E-01
 3.010    29.050    0.622    6.500    2.200    0.16568E-01
 3.020    29.050    0.625    6.522    2.190    0.16201E-01
 3.030    29.050    0.628    6.544    2.181    0.15841E-01
 3.040    29.050    0.631    6.565    2.172    0.15487E-01
 3.050    29.050    0.634    6.587    2.163    0.15141E-01
 3.060    29.050    0.638    6.608    2.153    0.14807E-01
 3.070    29.050    0.641    6.630    2.144    0.14466E-01
 3.080    29.050    0.644    6.651    2.134    0.14133E-01
 3.090    29.050    0.647    6.673    2.125    0.13805E-01
 3.100    29.050    0.651    6.695    2.115    0.13482E-01
 3.110    29.050    0.654    6.716    2.106    0.13170E-01
 3.120    29.050    0.657    6.738    2.096    0.12854E-01
 3.130    29.050    0.661    6.759    2.087    0.12540E-01
 3.140    29.050    0.664    6.781    2.077    0.12232E-01
 3.150    29.050    0.667    6.803    2.067    0.11932E-01
 3.160    29.050    0.671    6.824    2.057    0.11639E-01
 3.170    29.050    0.674    6.846    2.048    0.11344E-01
 3.180    29.050    0.677    6.867    2.038    0.11054E-01
 3.190    29.050    0.681    6.889    2.028    0.10773E-01
 3.200    29.050    0.684    6.911    2.018    0.10497E-01
 3.210    29.050    0.688    6.932    2.008    0.10222E-01
 3.220    29.050    0.691    6.954    1.998    0.99538E-02
 3.230    29.050    0.694    6.975    1.988    0.96916E-02
 3.240    29.050    0.698    6.997    1.977    0.94325E-02
 3.250    29.050    0.701    7.019    1.967    0.91815E-02
 3.260    29.050    0.705    7.040    1.957    0.89340E-02
 3.270    29.050    0.708    7.062    1.946    0.86892E-02
 3.280    29.050    0.712    7.083    1.936    0.84498E-02
 3.290    29.050    0.715    7.105    1.926    0.82171E-02
 3.300    29.050    0.719    7.127    1.915    0.79854E-02
 3.310    29.050    0.722    7.148    1.905    0.77618E-02
 3.320    29.050    0.726    7.170    1.894    0.75422E-02
 3.330    29.050    0.730    7.191    1.883    0.73295E-02
 3.340    29.050    0.733    7.213    1.873    0.71189E-02
 3.350    29.050    0.737    7.235    1.862    0.69161E-02
 3.360    29.050    0.740    7.256    1.851    0.67163E-02
 3.370    29.050    0.744    7.278    1.840    0.65256E-02
 3.380    29.050    0.748    7.299    1.829    0.63355E-02
 3.390    29.050    0.751    7.321    1.818    0.61549E-02
 3.400    29.050    0.755    7.343    1.807    0.59749E-02
 3.410    29.050    0.759    7.364    1.795    0.57997E-02
 3.420    29.050    0.762    7.386    1.784    0.56323E-02
 3.430    29.050    0.766    7.407    1.773    0.54640E-02
 3.440    29.050    0.770    7.429    1.761    0.53040E-02
 3.450    29.050    0.773    7.451    1.750    0.51453E-02
 3.460    29.050    0.777    7.472    1.738    0.49886E-02
 3.470    29.050    0.781    7.494    1.727    0.48369E-02
 3.480    29.050    0.785    7.515    1.715    0.46865E-02
 3.490    29.050    0.789    7.537    1.703    0.45422E-02
 3.500    29.050    0.792    7.559    1.691    0.43976E-02
 3.510    29.050    0.796    7.580    1.679    0.42603E-02
 3.520    29.050    0.800    7.602    1.667    0.41244E-02
 3.530    29.050    0.804    7.623    1.655    0.39949E-02
 3.540    29.050    0.808    7.645    1.643    0.38754E-02
 3.550    29.050    0.812    7.666    1.631    0.37545E-02
 3.560    29.050    0.816    7.688    1.618    0.36559E-02
 3.570    29.050    0.820    7.710    1.606    0.35417E-02
 3.580    29.050    0.823    7.731    1.593    0.34328E-02
 3.590    29.050    0.827    7.753    1.580    0.33283E-02
 3.600    29.050    0.831    7.774    1.567    0.32254E-02
 3.610    29.050    0.835    7.796    1.555    0.31234E-02
 3.620    29.050    0.839    7.818    1.541    0.30240E-02
 3.630    29.050    0.843    7.839    1.528    0.29248E-02
 3.640    29.050    0.847    7.861    1.515    0.28258E-02
 3.650    29.050    0.851    7.882    1.502    0.27251E-02
 3.660    29.050    0.856    7.904    1.488    0.26249E-02
 3.670    29.050    0.860    7.926    1.475    0.25245E-02
 3.680    29.050    0.864    7.947    1.461    0.24239E-02
 3.690    29.050    0.868    7.969    1.447    0.23241E-02
 3.700    29.050    0.872    7.990    1.433    0.22253E-02
 3.710    29.050    0.876    8.012    1.419    0.21289E-02
 3.720    29.050    0.880    8.034    1.404    0.20347E-02
 3.730    29.050    0.885    8.055    1.390    0.19436E-02
 3.740    29.050    0.889    8.077    1.375    0.18549E-02
 3.750    29.050    0.893    8.098    1.361    0.17701E-02
 3.760    29.050    0.897    8.120    1.346    0.16878E-02
 3.770    29.050    0.901    8.142    1.331    0.16089E-02
 3.780    29.050    0.906    8.163    1.315    0.15333E-02
 3.790    29.050    0.910    8.185    1.300    0.14601E-02
 3.800    29.050    0.914    8.206    1.284    0.13893E-02
 3.810    29.050    0.919    8.228    1.269    0.13218E-02
 3.820    29.050    0.923    8.250    1.253    0.12548E-02
 3.830    29.050    0.927    8.271    1.236    0.11901E-02
 3.840    29.050    0.932    8.293    1.220    0.11275E-02
 3.850    29.050    0.936    8.314    1.203    0.10671E-02
 3.860    29.050    0.941    8.336    1.186    0.10089E-02
 3.870    29.050    0.945    8.358    1.169    0.95310E-03
 3.880    29.050    0.949    8.379    1.152    0.89965E-03
 3.890    29.050    0.954    8.401    1.134    0.84883E-03
 3.900    29.050    0.958    8.422    1.116    0.80065E-03
 3.910    29.050    0.963    8.444    1.098    0.75526E-03
 3.920    29.050    0.967    8.466    1.080    0.71266E-03
 3.930    29.050    0.972    8.487    1.061    0.67271E-03
 3.940    29.050    0.977    8.509    1.041    0.63538E-03
 3.950    29.050    0.981    8.530    1.022    0.60075E-03
 3.960    29.050    0.986    8.552    1.002    0.56850E-03
 3.970    29.050    0.990    8.573    0.982    0.53870E-03
 3.980    29.050    0.995    8.595    0.961    0.51088E-03
 3.990    29.050    1.000    8.617    0.940    0.48398E-03
 4.000    29.050    1.004    8.638    0.918    0.45905E-03
 4.010    29.050    1.009    8.660    0.896    0.43488E-03
 4.020    29.050    1.014    8.681    0.873    0.40980E-03
 4.030    29.050    1.019    8.703    0.849    0.38672E-03
 4.040    29.050    1.023    8.725    0.825    0.36535E-03
 4.050    29.050    1.028    8.746    0.800    0.34560E-03
 4.060    29.050    1.033    8.768    0.775    0.32722E-03
 4.070    29.050    1.038    8.789    0.748    0.31019E-03
 4.080    29.050    1.043    8.811    0.721    0.29433E-03
 4.090    29.050    1.048    8.833    0.692    0.27954E-03
 4.100    29.050    1.052    8.854    0.662    0.26575E-03
 4.110    29.050    1.057    8.876    0.631    0.25282E-03
 4.120    29.050    1.062    8.897    0.598    0.24065E-03
 4.130    29.050    1.067    8.919    0.564    0.22962E-03
 4.140    29.050    1.072    8.941    0.527    0.21930E-03
 4.150    29.050    1.077    8.962    0.487    0.20953E-03
 4.160    29.050    1.082    8.984    0.443    0.20195E-03
 4.170    29.050    1.087    9.005    0.395    0.19502E-03
 4.180    29.050    1.093    9.027    0.341    0.18895E-03
 4.190    29.050    1.098    9.049    0.275    0.18096E-03
 4.200    29.050    1.103    9.070    0.188    0.18290E-03
 4.210    29.050    1.108    9.092      NaN    0.17824E-03
 4.220    29.050    1.113    9.113      NaN    0.17449E-03
 4.230    29.050    1.118    9.135      NaN    0.18208E-03
 4.240    29.050    1.124    9.157      NaN    0.17345E-03
 4.250    29.050    1.129    9.178      NaN    0.16498E-03
 4.260    29.050    1.134    9.200      NaN    0.15672E-03
 4.270    29.050    1.139    9.221      NaN    0.14864E-03
 4.280    29.050    1.145    9.243      NaN    0.14078E-03
 4.290    29.050    1.150    9.265      NaN    0.13314E-03
 4.300    29.050    1.155    9.286      NaN    0.12573E-03
 4.310    29.050    1.161    9.308      NaN    0.11856E-03
 4.320    29.050    1.166    9.329      NaN    0.11162E-03
 4.330    29.050    1.172    9.351      NaN    0.10492E-03
 4.340    29.050    1.177    9.373      NaN    0.98468E-04
 4.350    29.050    1.183    9.394      NaN    0.92273E-04
 4.360    29.050    1.188    9.416      NaN    0.86367E-04
 4.370    29.050    1.194    9.437      NaN    0.80728E-04
 4.380    29.050    1.199    9.459      NaN    0.75400E-04
 4.390    29.050    1.205    9.481      NaN    0.70465E-04
 4.400    29.050    1.210    9.502      NaN    0.65847E-04
 4.410    29.050    1.216    9.524      NaN    0.61532E-04
 4.420    29.050    1.222    9.545      NaN    0.57492E-04
 4.430    29.050    1.228    9.567      NaN    0.53713E-04
 4.440    29.050    1.233    9.588      NaN    0.50175E-04
 4.450    29.050    1.239    9.610      NaN    0.46862E-04
 4.460    29.050    1.245    9.632      NaN    0.43759E-04
 4.470    29.050    1.251    9.653      NaN    0.40855E-04
 4.480    29.050    1.257    9.675      NaN    0.38136E-04
 4.490    29.050    1.262    9.696      NaN    0.35591E-04
 4.500    29.050    1.268    9.718      NaN    0.33210E-04
 4.510    29.050    1.274    9.740      NaN    0.30981E-04
 4.520    29.050    1.280    9.761      NaN    0.28894E-04
 4.530    29.050    1.286    9.783      NaN    0.26941E-04
 4.540    29.050    1.292    9.804      NaN    0.25113E-04
 4.550    29.050    1.298    9.826      NaN    0.23403E-04
 4.560    29.050    1.304    9.848      NaN    0.21802E-04
 4.570    29.050    1.311    9.869      NaN    0.20306E-04
 4.580    29.050    1.317    9.891      NaN    0.18907E-04
 4.590    29.050    1.323    9.912      NaN    0.17598E-04
 4.600    29.050    1.329    9.934      NaN    0.16377E-04
 4.610    29.050    1.335    9.956      NaN    0.15263E-04
 4.620    29.050    1.342    9.977      NaN    0.14221E-04
 4.630    29.050    1.348    9.999      NaN    0.13266E-04
 4.640    29.050    1.354    *****      NaN    0.12449E-04
 4.650    29.050    1.361    *****      NaN    0.11680E-04
 4.660    29.050    1.367    *****      NaN    0.10956E-04
 4.670    29.050    1.373    *****      NaN    0.10274E-04
 4.680    29.050    1.380    *****      NaN    0.96337E-05
 4.690    29.050    1.386    *****      NaN    0.90306E-05
 4.700    29.050    1.393    *****      NaN    0.84637E-05
 4.710    29.050    1.399    *****      NaN    0.79306E-05
 4.720    29.050    1.406    *****      NaN    0.74293E-05
 4.730    29.050    1.413    *****      NaN    0.69580E-05
 4.740    29.050    1.419    *****      NaN    0.65148E-05
 4.750    29.050    1.426    *****      NaN    0.60985E-05
 4.760    29.050    1.433    *****      NaN    0.57072E-05
 4.770    29.050    1.440    *****      NaN    0.53395E-05
 4.780    29.050    1.446    *****      NaN    0.49942E-05
 4.790    29.050    1.453    *****      NaN    0.46698E-05
 4.800    29.050    1.460    *****      NaN    0.43651E-05
 4.810    29.050    1.467    *****      NaN    0.40790E-05
 4.820    29.050    1.474    *****      NaN    0.38105E-05
 4.830    29.050    1.481    *****      NaN    0.35585E-05
 4.840    29.050    1.488    *****      NaN    0.33220E-05
 4.850    29.050    1.495    *****      NaN    0.31001E-05
 4.860    29.050    1.502    *****      NaN    0.28921E-05
 4.870    29.050    1.509    *****      NaN    0.26970E-05
 4.880    29.050    1.517    *****      NaN    0.25142E-05
 4.890    29.050    1.524    *****      NaN    0.23428E-05
 4.900    29.050    1.531    *****      NaN    0.21822E-05
 4.910    29.050    1.538    *****      NaN    0.20317E-05
 4.920    29.050    1.546    *****      NaN    0.18908E-05
 4.930    29.050    1.553    *****      NaN    0.17589E-05
 4.940    29.050    1.561    *****      NaN    0.16353E-05
 4.950    29.050    1.568    *****      NaN    0.15195E-05
 4.960    29.050    1.575    *****      NaN    0.14112E-05
 4.970    29.050    1.583    *****      NaN    0.13097E-05
 4.980    29.050    1.591    *****      NaN    0.12147E-05
 4.990    29.050    1.598    *****      NaN    0.11257E-05
 5.000    29.050    1.606    *****      NaN    0.10426E-05
