#Run#	Date	tStart	Ebeam	Ibeam	Target	HMSp	HMSth	SHMSp	SHMSth	PrescaleSettings	RunType	BCM2CutCh	Ps3	Ps4	tLive	PTrigs	ELREAL	TrackEf	Weight	# Comments
23853	07/16	16:12	8.5831	max	LH2	-4.50	14.00	-4.50	13.995	-1,-1,5,-1,-1,-1	HMSDIS	22822.968	+17.0	-1.0	1.000	1345045	15540856	0.9979	+0.746431	# changed to DIS setting at x=0.3, Q2=2.3, W=2.5;No clear current recorded
23855	07/16	16:31	8.5831	max	LH2	-4.50	14.00	-4.50	13.995	-1,-1,-1,4,-1,-1	HMSDIS	18009.498	-1.0	+9.0	1.000	1371303	12344412	0.9981	+0.500797	# No clear current recorded
23857	07/16	17:25	8.5831	max	LH2	-4.50	14.00	-4.50	13.995	-1,-1,5,-1,-1,-1	HMSDIS	31095.200	+17.0	-1.0	1.000	1839480	21683975	0.9981	+0.547749	# No clear current recorded
23858	07/16	18:12	8.5831	max	LH2	-4.50	14.00	-4.50	13.995	-1,-1,5,-1,-1,-1	HMSDIS	40062.821	+17.0	-1.0	1.000	2380167	26452206	0.9979	+0.425227	# No clear current recorded
23859	07/16	18:48	8.5831	35	LH2	-4.50	14.00	-4.50	13.995	-1,-1,-1,4,-1,-1	HMSDIS	33159.849	-1.0	+9.0	1.000	2570960	23144366	0.9980	+0.272024	# DIS production run with HMS EL_REAL trigger;
23909	07/18	19:25	8.5831	10	LH2	-1.531	29.045	-2.615	7.865	-1,-1,-1,0,-1,-1	HMSDIS	18195.812	-1.0	+1.0	0.999	1513976	1514786	0.9986	+0.055064	# HMS singles
23963	07/19	16:31	8.5831	10	LH2	-1.531	29.045	-6.538	7.865	-1,-1,-1,0,-1,-1	HMSDIS	16784.693	-1.0	+1.0	1.000	1403361	1404028	0.9986	+0.059690	# HMS singles
24017	07/21	00:44	8.5831	13	LH2	-1.531	29.045	-4.868	7.865	-1,-1,-1,0,-1,-1	HMSDIS	21110.360	-1.0	+1.0	1.000	1808737	1809417	0.9986	+0.047454	# HMS SINGLE
24083	07/22	20:05	8.5831	30	LH2	-1.531	29.045	-4.868	7.865	-1,-1,-1,0,-1,-1	HMSDIS	25307.677	-1.0	+1.0	0.997	2160219	2165997	0.9987	+0.039671	# 0
24136	07/24	07:59	8.5831	10	LH2	-1.531	29.045	-3.632	7.865	-1,-1,-1,0,-1,-1	HMSDIS	10381.412	-1.0	+1.0	0.999	891245	891751	0.9986	+0.096516	# 0
24183	07/25	07:22	8.5831	30	LH2	-1.531	29.045	-3.632	7.865	-1,-1,-1,0,-1,-1	HMSDIS	24389.251	-1.0	+1.0	0.999	2105931	2107751	0.9988	+0.041086	# 0
24184	07/25	07:57	8.5831	10	LH2	-1.531	29.045	-3.632	7.865	-1,-1,-1,0,-1,-1	HMSDIS	9512.122	-1.0	+1.0	0.999	828791	829253	0.9988	+0.105314	# 0
24198	07/25	16:25	8.5831	17	LH2	-1.531	29.045	+6.538	7.865	-1,-1,-1,0,-1,-1	HMSDIS	11755.185	-1.0	+1.0	1.000	1029748	1027532	0.9988	+0.085171	# 0
24231	07/26	09:23	8.5831	17	LH2	-1.531	29.045	+4.868	7.865	-1,-1,-1,0,-1,-1	HMSDIS	14463.589	-1.0	+1.0	0.999	1277961	1279101	0.9986	+0.069298	# 0
24265	07/27	02:50	8.5831	17	LH2	-1.531	29.045	+4.868	7.865	-1,-1,-1,0,-1,-1	HMSDIS	15262.784	-1.0	+1.0	0.999	1369655	1371303	0.9986	+0.065690	# 0
24292	07/27	16:25	8.5831	3	LH2	-1.531	29.045	+4.868	7.865	-1,-1,-1,0,-1,-1	HMSDIS	1746.272	-1.0	+1.0	1.000	160194	159445	0.9988	+0.573336	# 0
24293	07/27	16:40	8.5831	7	LH2	-1.531	29.045	+4.868	7.865	-1,-1,-1,0,-1,-1	HMSDIS	3124.402	-1.0	+1.0	1.000	283215	282267	0.9988	+0.320446	# 0
24294	07/27	16:53	8.5831	10	LH2	-1.531	29.045	+4.868	7.865	-1,-1,-1,0,-1,-1	HMSDIS	3260.627	-1.0	+1.0	1.000	296319	295018	0.9991	+0.306966	# 0
24295	07/27	17:07	8.5831	20	LH2	-1.531	29.045	+4.868	7.865	-1,-1,-1,0,-1,-1	HMSDIS	10077.866	-1.0	+1.0	1.000	904494	904487	0.9988	+0.099347	# 0
24296	07/27	17:18	8.5831	30	LH2	-1.531	29.045	+3.632	7.865	-1,-1,-1,0,-1,-1	HMSDIS	15352.467	-1.0	+1.0	1.000	1368849	1368799	0.9987	+0.065221	# 0
24297	07/27	17:30	8.5831	40	LH2	-1.531	29.045	+3.632	7.865	-1,-1,-1,1,-1,-1	HMSDIS	6613.065	-1.0	+2.0	1.000	295661	587708	0.9989	+0.302765	# 0
24298	07/27	17:35	8.5831	40	LH2	-1.531	29.045	+3.632	7.865	-1,-1,-1,1,-1,-1	HMSDIS	20616.406	-1.0	+2.0	1.000	915224	1831352	0.9985	+0.097204	# 0
24299	07/27	17:51	8.5831	50	LH2	-1.531	29.045	+3.632	7.865	-1,-1,-1,3,-1,-1	HMSDIS	38928.316	-1.0	+5.0	1.000	688154	3440614	0.9987	+0.128608	# 0
24333	07/28	20:48	8.5831	10	LH2	-1.531	29.045	+3.632	7.865	-1,-1,-1,0,-1,-1	HMSDIS	6816.561	-1.0	+1.0	1.000	610881	608212	0.9985	+0.146922	# 0
24455	08/01	14:56	8.5831	8	LH2	-1.531	29.045	+2.615	7.865	-1,-1,-1,0,-1,-1	HMSDIS	6894.051	-1.0	+1.0	1.000	612220	612482	0.9987	+0.145304	# 0
24456	08/01	15:11	8.5831	8	LH2	-1.531	29.045	+2.615	7.865	-1,-1,3,-1,-1,-1	HMSDIS	11434.548	+5.0	-1.0	1.000	2477753	1014463	0.9987	+0.437841	# 0
24544	08/03	15:17	8.5831	50	LH2	+1.531	29.045	+6.538	7.865	-1,-1,-1,2,-1,-1	HMSDIS	48635.877	-1.0	+3.0	1.000	2444397	7326343	0.9966	+0.061893	# 0
24575	08/04	12:21	8.5831	35	LH2	+1.531	29.045	-6.538	7.865	-1,-1,-1,1,-1,-1	HMSDIS	26357.284	-1.0	+2.0	1.000	2099872	4196054	0.9964	+0.076155	# 0
24637	08/07	08:44	8.5831	16	LH2	-1.531	29.045	+3.632	11.075	-1,-1,-1,1,-1,-1	HMSDIS	50134.070	-1.0	+2.0	1.000	2261578	4524929	0.9984	+0.039973	# 0
24705	08/09	11:04	8.5831	55	LH2	-1.531	29.045	-3.632	11.075	-1,-1,-1,2,-1,-1	HMSDIS	44778.726	-1.0	+2.0	1.000	2031087	4063392	0.9986	+0.044740	# 0
24750	08/10	19:44	8.5831	55	LH2	-1.531	29.045	-3.632	14.375	-1,-1,-1,1,-1,-1	HMSDIS	52963.281	-1.0	+2.0	0.999	2376313	4758407	0.9986	+0.037861	# 0
24792	08/11	20:33	8.5831	55	LH2	-1.531	29.045	+3.632	14.375	-1,-1,-1,0,-1,-1	HMSDIS	31396.437	-1.0	+1.0	0.954	2689919	2820192	0.9985	+0.033443	# Wrong prescale, but good DT test
