runnum,gooddis,normyield	date	start_time	beam_energy	target	hms_p	hms_th	shms_p	shms_th	prescales	comments
23855,680875,1.58685	07/16	16:31	8.565	max	LH2	-4.50	14.00	-4.50	14.00	-1,-1,-1,4,-1,-1
23857,636673,1.47879	07/16	17:25	8.565	max	LH2	-4.50	14.00	-4.50	14.00	-1,-1,5,-1,-1,-1
23858,839230,21.4198	07/16	18:12	8.565	max	LH2	-4.50	14.00	-4.50	14.00	-1,-1,5,-1,-1,-1
23859,1.3995e+06,43.9871	07/16	18:48	8.565	35	LH2	-4.50	14.00	-4.50	14.00	-1,-1,-1,4,-1,-1
23909,246368,0.552017	07/18	19:25	8.565	10	LH2	-1.531	29.06	-2.615	7.87	-1,-1,-1,0,-1,-1
23919,149777,0.33597	07/18	23:05	8.565	10	LD2	-1.531	29.06	-2.615	7.87	-1,-1,-1,2,-1,-1
23925,132073,0.289352	07/19	00:41	8.565	15	Dummy	-1.531	29.06	-2.615	7.87	-1,-1,-1,1,-1,-1
24017,286382,14.65	07/21	00:44	8.565	13	LH2	-1.531	29.06	-4.868	7.87	-1,-1,-1,0,-1,-1
24027,271299,27.4334	07/21	06:47	8.565	10	LD2	-1.531	29.05	-4.868	7.87	-1,-1,-1,0,-1,-1
24044,252993,18.6556	07/21	18:50	8.565	17	Carbon	-1.531	29.05	-4.868	7.87	-1,-1,-1,0,-1,-1
24052,250599,16.421	07/21	22:35	8.565	20	Copper	-1.531	29.05	-4.868	7.87	-1,-1,-1,0,-1,-1
24083,341044,14.5462	07/22	20:05	8.565	30	LH2	-1.531	29.05	-4.868	7.87	-1,-1,-1,0,-1,-1
24114,198655,27.4545	07/23	20:16	8.565	9	LD2	-1.531	29.05	-3.632	7.87	-1,-1,-1,0,-1,-1
24118,146673,10.4469	07/23	22:06	8.565	20	Dummy	-1.531	29.05	-3.632	7.87	-1,-1,-1,0,-1,-1
24136,140460,14.5773	07/24	07:59	8.565	10	LH2	-1.531	29.05	-3.632	7.87	-1,-1,-1,0,-1,-1
24142,203131,18.7927	07/24	11:13	8.565	12	Carbon	-1.531	29.05	-3.632	7.87	-1,-1,-1,-1,-1,0
24148,207592,16.5212	07/24	14:29	8.565	15	Copper	-1.531	29.05	-3.632	7.87	-1,-1,-1,-1,-1,0
24183,328823,14.6867	07/25	07:22	8.565	30	LH2	-1.531	29.05	-3.632	7.87	-1,-1,-1,0,-1,-1
24184,128786,14.6735	07/25	07:57	8.565	10	LH2	-1.531	29.05	-3.632	7.87	-1,-1,-1,0,-1,-1
24198,159993,14.8916	07/25	16:25	8.565	17	LH2	-1.531	29.05	+6.538	7.87	-1,-1,-1,0,-1,-1
24205,178322,13.2878	07/25	19:23	8.565	25	LD2	-1.531	29.05	+6.538	7.87	-1,-1,-1,1,-1,-1
24209,233562,5.94517	07/25	21:24	8.565	50	Carbon	-1.531	29.05	+6.538	7.87	-1,-1,-1,2,-1,-1
24212,134440,5.21365	07/25	22:45	8.565	50	Copper	-1.531	29.05	+6.538	7.87	-1,-1,-1,2,-1,-1
24221,234093,27.5453	07/26	03:30	8.565	12	LD2	-1.531	29.05	+4.868	7.87	-1,-1,-1,0,-1,-1
24231,196103,14.7281	07/26	09:23	8.565	17	LH2	-1.531	29.05	+4.868	7.87	-1,-1,-1,0,-1,-1
24235,180927,10.458	07/26	11:22	8.565	20	Dummy	-1.531	29.05	+4.868	7.87	-1,-1,-1,0,-1,-1
24242,314626,18.8532	07/26	15:14	8.565	25	Carbon	-1.531	29.05	+4.868	7.87	-1,-1,-1,0,-1,-1
24249,263749,7.89215	07/26	18:46	8.565	50	Copper	-1.531	29.05	+4.868	7.87	-1,-1,-1,1,-1,-1
24256,224587,8.62046	07/26	22:21	8.565	35	LD2	-1.531	29.05	+4.868	7.87	-1,-1,-1,2,-1,-1
24265,206738,14.707	07/27	02:50	8.565	17	LH2	-1.531	29.05	+4.868	7.87	-1,-1,-1,0,-1,-1
24284,198893,5.16568	07/27	13:30	8.565	50	LD2	-1.531	29.05	+4.868	7.87	-1,-1,-1,3,-1,-1
24285,212792,8.72892	07/27	13:49	8.565	40	LD2	-1.531	29.05	+4.868	7.87	-1,-1,-1,2,-1,-1
24286,229828,8.76881	07/27	14:08	8.565	30	LD2	-1.531	29.05	+4.868	7.87	-1,-1,-1,2,-1,-1
24287,252616,13.4372	07/27	14:28	8.565	20	LD2	-1.531	29.05	+4.868	7.87	-1,-1,-1,1,-1,-1
24289,278264,28.0276	07/27	15:04	8.565	10	LD2	-1.531	29.05	+4.868	7.87	-1,-1,-1,0,-1,-1
24290,287114,28.0565	07/27	15:38	8.565	7	LD2	-1.531	29.05	+4.868	7.87	-1,-1,-1,0,-1,-1
24291,47191,28.3414	07/27	16:09	8.565	3	LD2	-1.531	29.05	+4.868	7.87	-1,-1,-1,0,-1,-1
24292,23968,15.1137	07/27	16:25	8.565	3	LH2	-1.531	29.05	+4.868	7.87	-1,-1,-1,0,-1,-1
24293,42588,14.9654	07/27	16:40	8.565	7	LH2	-1.531	29.05	+4.868	7.87	-1,-1,-1,0,-1,-1
24294,44836,15.084	07/27	16:53	8.565	10	LH2	-1.531	29.05	+4.868	7.87	-1,-1,-1,0,-1,-1
24295,137219,14.9789	07/27	17:07	8.565	20	LH2	-1.531	29.05	+4.868	7.87	-1,-1,-1,0,-1,-1
24296,206315,14.7842	07/27	17:18	8.565	30	LH2	-1.531	29.05	+4.868	7.87	-1,-1,-1,0,-1,-1
24297,44514,7.07546	07/27	17:30	8.565	40	LH2	-1.531	29.05	+4.868	7.87	-1,-1,-1,1,-1,-1
24298,138368,7.04974	07/27	17:35	8.565	40	LH2	-1.531	29.05	+4.868	7.87	-1,-1,-1,1,-1,-1
24299,103664,2.71825	07/27	17:51	8.565	50	LH2	-1.531	29.05	+4.868	7.87	-1,-1,-1,3,-1,-1
24301,218884,5.95188	07/28	05:33	8.565	50	Carbon	-1.531	29.05	+4.868	7.87	-1,-1,-1,2,-1,-1
24303,234927,8.99519	07/28	05:54	8.565	40	Carbon	-1.531	29.05	+4.868	7.87	-1,-1,-1,1,-1,-1
24304,145074,8.98792	07/28	06:13	8.565	30	Carbon	-1.531	29.05	+4.868	7.87	-1,-1,-1,1,-1,-1
24306,214813,18.8818	07/28	06:52	8.565	20	Carbon	-1.531	29.05	+4.868	7.87	-1,-1,-1,0,-1,-1
24307,119979,19.0286	07/28	07:06	8.565	10	Carbon	-1.531	29.05	+4.868	7.87	-1,-1,-1,0,-1,-1
24308,74430,19.0447	07/28	07:19	8.565	7	Carbon	-1.531	29.05	+4.868	7.87	-1,-1,-1,0,-1,-1
24309,49822,19.0689	07/28	07:30	8.565	3	Carbon	-1.531	29.05	+4.868	7.87	-1,-1,-1,0,-1,-1
24319,161829,27.8783	07/28	13:46	8.565	7	LD2	-1.531	29.05	+3.632	7.87	-1,-1,-1,0,-1,-1
24333,92706,14.807	07/28	20:48	8.565	10	LH2	-1.531	29.05	+3.632	7.87	-1,-1,-1,0,-1,-1
24340,176723,10.4257	07/29	01:00	8.565	20	Dummy	-1.531	29.05	+3.632	7.87	-1,-1,-1,0,-1,-1
24350,184426,19.0154	07/29	06:11	8.565	13	Carbon	-1.531	29.05	+3.632	7.87	-1,-1,-1,0,-1,-1
24361,168039,16.7443	07/29	12:06	8.565	28	Copper	-1.531	29.05	+3.632	7.87	-1,-1,-1,0,-1,-1
24373,228403,5.85398	07/29	18:33	8.565	25	Aluminum	-1.531	29.05	+3.632	7.87	-1,-1,-1,0,-1,-1
24375,23151,1.34542	07/29	19:05	8.565	25	Aluminum	-1.531	29.05	+3.632	7.87	-1,-1,3,-1,-1,-1
24438,193652,27.3708	08/01	03:08	8.565	8	LD2	-1.531	29.05	+2.615	7.87	-1,-1,-1,0,-1,-1
24440,19729,3.19933	08/01	03:28	8.565	8	LD2	-1.531	29.05	+2.615	7.87	-1,-1,4,-1,-1,-1
24455,94413,14.9381	08/01	14:56	8.565	8	LH2	-1.531	29.05	+2.615	7.87	-1,-1,-1,0,-1,-1
24456,31711,3.45896	08/01	15:11	8.565	8	LH2	-1.531	29.05	+2.615	7.87	-1,-1,3,-1,-1,-1
24465,86674,10.4604	08/01	18:20	8.565	10	Dummy	-1.531	29.05	+2.615	7.87	-1,-1,-1,0,-1,-1
24466,17774,2.39445	08/01	18:39	8.565	10	Dummy	-1.531	29.05	+2.615	7.87	-1,-1,3,-1,-1,-1
24481,97143,18.8955	08/02	01:54	8.565	6	Carbon	-1.531	29.05	+2.615	7.87	-1,-1,-1,0,-1,-1
24482,26262,22.0977	08/02	02:35	8.565	6	Carbon	-1.531	29.05	+2.615	7.87	-1,-1,0,-1,-1,-1
24483,19678,4.37415	08/02	02:49	8.565	6	Carbon	-1.531	29.05	+2.615	7.87	-1,-1,3,-1,-1,-1
24495,80541,16.5652	08/02	08:18	8.565	6	Copper	-1.531	29.05	+2.615	7.87	-1,-1,-1,0,-1,-1
24496,25639,24.699	08/02	09:09	8.565	6	Copper	-1.531	29.05	+2.615	7.87	-1,-1,0,-1,-1,-1
24498,16855,3.89576	08/02	09:47	8.565	6	Copper	-1.531	29.05	+2.615	7.87	-1,-1,3,-1,-1,-1
24537,1814,0.505681	08/03	12:09	8.565	35	LD2	+1.531	29.05	+6.538	7.87	-1,-1,-1,2,-1,-1
24541,23890,0.870936	08/03	14:11	8.565	35	LD2	+1.531	29.05	+6.538	7.87	-1,-1,-1,2,-1,-1
24544,20001,0.411189	08/03	15:17	8.565	50	LH2	+1.531	29.05	+6.538	7.87	-1,-1,-1,2,-1,-1
24546,28123,0.99417	08/03	16:11	8.565	40	Dummy	+1.531	29.05	+6.538	7.87	-1,-1,-1,0,-1,-1
24549,28081,0.659892	08/03	17:02	8.565	50	Carbon	+1.531	29.05	+6.538	7.87	-1,-1,-1,2,-1,-1
24551,42336,0.93401	08/03	18:00	8.565	50	Copper	+1.531	29.05	+6.538	7.87	-1,-1,-1,2,-1,-1
24573,18170,0.874311	08/04	11:16	8.565	35	LD2	+1.531	29.05	-6.538	7.87	-1,-1,-1,2,-1,-1
24575,16793,0.641436	08/04	12:21	8.565	35	LH2	+1.531	29.05	-6.538	7.87	-1,-1,-1,1,-1,-1
24577,15181,0.513131	08/04	13:18	8.565	40	Dummy	+1.531	29.05	-6.538	7.87	-1,-1,-1,1,-1,-1
24579,22821,0.999556	08/04	14:09	8.565	35	Carbon	+1.531	29.05	-6.538	7.87	-1,-1,-1,1,-1,-1
24581,36668,1.43742	08/04	15:03	8.565	35	Copper	+1.531	29.05	-6.538	7.87	-1,-1,-1,1,-1,-1
24626,236380,8.63287	08/07	02:00	8.565	40	LD2	-1.531	29.05	+3.632	11.07	-1,-1,-1,2,-1,-1
24637,333635,6.91295	08/07	08:44	8.565	16	LH2	-1.531	29.05	+3.632	11.07	-1,-1,-1,1,-1,-1
24644,313907,10.2532	08/07	21:29	8.565	40	Dummy	-1.531	29.05	+3.632	11.07	-1,-1,-1,0,-1,-1
24652,224891,5.90347	08/08	01:45	8.565	48	Carbon	-1.531	29.05	+3.632	11.07	-1,-1,-1,2,-1,-1
24663,284054,7.8729	08/08	07:29	8.565	48	Copper	-1.531	29.05	+3.632	11.07	-1,-1,-1,1,-1,-1
24705,296052,6.81918	08/09	11:04	8.565	55	LH2	-1.531	29.05	-3.632	11.07	-1,-1,-1,1,-1,-1
24711,184926,4.97264	08/09	14:43	8.565	40	Dummy	-1.531	29.05	-3.632	11.07	-1,-1,-1,1,-1,-1
24750,348488,6.83963	08/10	19:44	8.565	55	LH2	-1.531	29.05	-3.632	14.37	-1,-1,-1,1,-1,-1
24763,189205,4.94679	08/11	02:25	8.565	40	Dummy	-1.531	29.05	-3.632	14.37	-1,-1,-1,-1,-1,-1
24792,395349,13.6456	08/11	20:33	8.565	55	LH2	-1.531	29.05	+3.632	14.37	-1,-1,-1,0,-1,-1
24800,329682,10.3993	08/12	00:17	8.565	40	Dummy	-1.531	29.05	+3.632	14.37	-1,-1,-1,0,-1,-1
24847,19174,2.01847	08/13	07:37	8.565	20	Carbon	+1.531	29.05	-5.265	12.00	-1,-1,-1,0,-1,-1
24848,28275,1.00136	08/13	07:59	8.565	40	Carbon	+1.531	29.05	-5.265	12.00	-1,-1,-1,1,-1,-1
24884,684553,35.1169	08/14	17:52	10.67	40	LD2	-3.642	16.75	+6.538	7.51	-1,-1,-1,3,-1,-1
24891,808427,18.5684	08/15	00:38	10.67	55	LH2	-3.642	16.75	+6.538	7.51	-1,-1,-1,3,-1,-1
24895,758802,24.0314	08/15	02:39	10.67	40	Dummy	-3.642	16.75	+6.538	7.51	-1,-1,-1,2,-1,-1
24900,611751,12.2215	08/15	05:53	10.67	50	Carbon	-3.642	16.75	+6.538	7.51	-1,-1,-1,4,-1,-1
24906,217638,17.2613	08/15	12:18	10.67	50	Copper	-3.642	16.75	+6.538	7.51	-1,-1,-1,3,-1,-1
24911,742005,98.231	08/15	16:00	10.67	9.5	LD2	-3.642	16.75	+4.868	7.51	-1,-1,-1,1,-1,-1
24922,770279,32.9215	08/15	22:47	10.67	38	LH2	-3.642	16.75	+4.868	7.51	-1,-1,-1,2,-1,-1
24925,648987,23.8018	08/16	00:23	10.67	40	Dummy	-3.642	16.75	+4.868	7.51	-1,-1,-1,0,-1,-1
24931,705480,22.8006	08/16	13:12	10.67	35	Carbon	-3.642	16.75	+4.868	7.51	-1,-1,-1,3,-1,-1
24936,642060,17.2479	08/16	15:57	10.67	40	Copper	-3.642	16.75	+4.868	7.51	-1,-1,-1,3,-1,-1
24967,705833,97.7058	08/17	09:02	10.67	8	LD2	-3.642	16.75	+3.632	7.51	-1,-1,-1,1,-1,-1
24978,744329,53.5426	08/17	14:37	10.67	18	LH2	-3.642	16.75	+3.632	7.51	-1,-1,-1,1,-1,-1
24983,769683,92.7459	08/17	16:36	10.67	20	Dummy	-3.642	16.75	+3.632	7.51	-1,-1,-1,0,-1,-1
24989,704833,63.3731	08/17	19:36	10.67	15	Carbon	-3.642	16.75	+3.632	7.51	-1,-1,-1,1,-1,-1
24996,683484,47.8376	08/17	23:02	10.67	17	Copper	-3.642	16.75	+3.632	7.51	-1,-1,-1,1,-1,-1
25013,738761,101.515	08/18	21:33	10.67	13	LD2	-3.642	16.75	-6.538	7.51	-1,-1,-1,1,-1,0
25021,720067,18.6251	08/19	01:28	10.67	47	LH2	-3.642	16.75	-6.538	7.51	-1,-1,-1,3,-1,-1
25023,678918,61.0753	08/19	02:16	10.67	13	LD2	-3.642	16.75	-6.538	7.51	-1,-1,-1,2,-1,-1
25028,725306,23.5946	08/19	07:11	10.67	40	Dummy	-3.642	16.75	-6.538	7.51	-1,-1,-1,2,-1,-1
25036,658488,22.829	08/19	18:17	10.67	42	Carbon	-3.642	16.75	-6.538	7.51	-1,-1,-1,3,-1,-1
25042,577111,17.1675	08/19	21:41	10.67	45	Copper	-3.642	16.75	-6.538	7.51	-1,-1,-1,3,-1,-1
25047,707696,98.2654	08/20	00:10	10.67	9	LD2	-3.642	16.75	-4.868	7.51	-1,-1,-1,1,-1,-1
25054,741054,32.9789	08/20	03:57	10.67	37	LH2	-3.642	16.75	-4.868	7.51	-1,-1,-1,2,-1,-1
25057,702031,23.6896	08/20	05:32	10.67	40	Dummy	-3.642	16.75	-4.868	7.51	-1,-1,-1,2,-1,-1
25081,643259,98.8773	08/21	04:43	10.67	8	LD2	-3.642	16.75	-3.632	7.51	-1,-1,-1,1,-1,-1
25089,617759,53.1393	08/21	15:14	10.67	18	LH2	-3.642	16.75	-3.632	7.51	-1,-1,-1,1,-1,-1
25094,726687,92.5619	08/21	17:21	10.67	20	Dummy	-3.642	16.75	-3.632	7.51	-1,-1,-1,0,-1,-1
25101,672479,62.7971	08/21	20:27	10.67	18	Carbon	-3.642	16.75	-3.632	7.51	-1,-1,-1,1,-1,-1
25106,619888,47.9947	08/21	23:29	10.67	21	Copper	-3.642	16.75	-3.632	7.51	-1,-1,-1,1,-1,-1
25125,786097,60.5898	08/22	10:25	10.67	20	LD2	-3.642	16.75	-6.538	10.305	-1,-1,-1,2,-1,-1
25132,910050,52.6349	08/22	13:04	10.67	24	LH2	-3.642	16.75	-6.538	10.305	-1,-1,-1,1,-1,-1
25133,328268,21.689	08/22	13:31	10.67	24	LH2	-3.642	16.75	-6.538	10.305	-1,-1,3,-1,-1,-1
25136,580373,37.6671	08/22	14:54	10.67	40	Dummy	-3.642	16.75	-6.538	10.305	-1,-1,-1,1,-1,-1
25137,93727,15.8602	08/22	15:10	10.67	40	Dummy	-3.642	16.75	-6.538	10.305	-1,-1,3,-1,-1,-1
25142,741960,35.0059	08/22	18:00	10.67	25	LD2	-3.642	16.75	-4.868	10.305	-1,-1,-1,3,-1,-1
25145,254077,34.944	08/22	18:43	10.67	25	LD2	-3.642	16.75	-4.868	10.305	-1,-1,-1,3,-1,-1
25152,356612,18.7014	08/22	22:22	10.67	25	LH2	-3.642	16.75	-4.868	10.305	-1,-1,-1,3,-1,-1
25155,452442,13.5352	08/22	23:35	10.67	40	Dummy	-3.642	16.75	-4.868	10.305	-1,-1,-1,3,-1,-1
25178,550342,34.6917	08/23	14:00	10.67	20	LD2	-3.642	16.75	-3.632	10.305	-1,-1,-1,3,-1,-1
25186,856470,52.7268	08/23	18:10	10.67	25	LH2	-3.642	16.75	-3.632	10.305	-1,-1,-1,1,-1,-1
25212,602838,53.403	08/24	08:23	10.67	16	LH2	-3.642	16.75	-2.615	10.305	-1,-1,-1,1,-1,-1
25215,704528,23.5842	08/24	09:38	10.67	40	Dummy	-3.642	16.75	-2.615	10.305	-1,-1,-1,2,-1,-1
25232,620689,35.1874	08/24	19:25	10.67	25	LD2	-3.642	16.75	+6.538	10.305	-1,-1,-1,4,-1,-1
25238,919238,53.4162	08/24	22:21	10.67	25	LH2	-3.642	16.75	+6.538	10.305	-1,-1,-1,1,-1,-1
25243,821112,23.8116	08/25	00:05	10.67	40	Dummy	-3.642	16.75	+6.538	10.305	-1,-1,-1,0,-1,-1
25250,824905,39.6983	08/25	03:41	10.67	25	Carbon	-3.642	16.75	+6.538	10.305	-1,-1,-1,2,-1,-1
25253,722463,17.1384	08/25	05:44	10.67	50	Copper	-3.642	16.75	+6.538	10.305	-1,-1,-1,3,-1,-1
25260,744168,35.0234	08/25	11:45	10.67	25	LD2	-3.642	16.75	+4.868	10.305	-1,-1,-1,3,-1,-1
25267,780160,33.025	08/25	15:49	10.67	28	LH2	-3.642	16.75	+4.868	10.305	-1,-1,-1,2,-1,-1
25270,797195,23.7987	08/25	17:04	10.67	40	Dummy	-3.642	16.75	+4.868	10.305	-1,-1,-1,2,-1,-1
25274,550406,12.2166	08/25	18:54	10.67	55	Carbon	-3.642	16.75	+4.868	10.305	-1,-1,-1,4,-1,-1
25278,675014,17.0563	08/25	20:53	10.67	55	Copper	-3.642	16.75	+4.868	10.305	-1,-1,-1,3,-1,-1
25284,670678,97.3906	08/26	02:06	10.67	10	LD2	-3.642	16.75	+3.632	10.305	-1,-1,-1,1,-1,-1
25291,845666,52.7565	08/26	05:22	10.67	21	LH2	-3.642	16.75	+3.632	10.305	-1,-1,-1,1,-1,-1
25294,648897,23.8297	08/26	06:35	10.67	40	Dummy	-3.642	16.75	+3.632	10.305	-1,-1,-1,2,-1,-1
25297,403522,22.5275	08/26	08:02	10.67	37	Carbon	-3.642	16.75	+3.632	10.305	-1,-1,-1,3,-1,-1
25302,617369,16.995	08/26	12:23	10.67	47	Copper	-3.642	16.75	+3.632	10.305	-1,-1,-1,3,-1,-1
25308,769682,52.6721	08/26	19:12	10.67	25	Aluminum	-3.642	16.75	+3.632	10.305	-1,-1,-1,0,-1,-1
25325,162,0.169077	08/27	20:54	10.67	5	C-hole	-3.642	16.75	+2.615	10.305	-1,-1,-1,1,-1,-1
25326,21274,12.3367	08/27	21:13	10.67	5	C-hole	-3.642	16.75	+2.615	10.305	-1,-1,-1,1,-1,-1
25335,772764,134.996	08/28	00:55	10.67	10	LH2	-3.642	16.75	+2.615	10.305	-1,-1,-1,0,-1,-1
25361,796307,52.7806	08/28	17:46	10.67	30	LH2	-3.642	16.75	+3.632	13.51	-1,-1,-1,1,-1,-1
25367,693188,61.0664	08/28	20:32	10.67	22	LD2	-3.642	16.75	+3.632	13.51	-1,-1,-1,2,-1,-1
25369,724618,64.0798	08/28	21:30	10.67	40	Dummy	-3.642	16.75	+3.632	13.51	-1,-1,-1,2,-1,-1
25373,546117,39.5458	08/28	23:33	10.67	50	Carbon	-3.642	16.75	+3.632	13.51	-1,-1,-1,2,-1,0
25378,479981,9.21356	08/29	01:43	10.67	60	Copper	-3.642	16.75	+3.632	13.51	-1,-1,-1,4,-1,-1
25391,773673,32.98	08/29	09:37	10.67	30	LH2	-3.642	16.75	+3.632	16.81	-1,-1,-1,4,-1,0
25396,837275,135.302	08/29	12:29	10.67	10	LH2	-3.642	16.75	+3.632	16.81	-1,-1,-1,0,-1,-1
25397,285554,53.5502	08/29	12:48	10.67	20	LH2	-3.642	16.75	+3.632	16.81	-1,-1,-1,1,-1,-1
25399,236034,32.9749	08/29	12:57	10.67	35	LH2	-3.642	16.75	+3.632	16.81	-1,-1,-1,2,-1,-1
25400,216688,18.7267	08/29	13:02	10.67	45	LH2	-3.642	16.75	+3.632	16.81	-1,-1,-1,2,-1,-1
25401,217701,18.6211	08/29	13:08	10.67	60	LH2	-3.642	16.75	+3.632	16.81	-1,-1,-1,3,-1,-1
25402,249649,18.5022	08/29	13:15	10.67	60	LH2	-3.642	16.75	+3.632	16.81	-1,-1,-1,3,-1,-1
25403,182972,18.7017	08/29	13:20	10.67	45	LH2	-3.642	16.75	+3.632	16.81	-1,-1,-1,3,-1,-1
25404,193592,18.8087	08/29	13:25	10.67	35	LH2	-3.642	16.75	+3.632	16.81	-1,-1,-1,2,-1,-1
25405,154398,33.2569	08/29	13:32	10.67	20	LH2	-3.642	16.75	+3.632	16.81	-1,-1,-1,1,-1,-1
25406,278501,135.476	08/29	13:38	10.67	10	LH2	-3.642	16.75	+3.632	16.81	-1,-1,-1,0,-1,-1
25407,308847,135.439	08/29	13:46	10.67	10	LH2	-3.642	16.75	+3.632	16.81	-1,-1,-1,0,-1,-1
25408,143481,53.0906	08/29	13:53	10.67	20	LH2	-3.642	16.75	+3.632	16.81	-1,-1,-1,1,-1,-1
25409,219525,32.8489	08/29	13:59	10.67	35	LH2	-3.642	16.75	+3.632	16.81	-1,-1,-1,2,-1,-1
25410,198321,18.5828	08/29	14:06	10.67	45	LH2	-3.642	16.75	+3.632	16.81	-1,-1,-1,3,-1,-1
25411,273790,18.2731	08/29	14:12	10.67	60	LH2	-3.642	16.75	+3.632	16.81	-1,-1,-1,3,-1,-1
25412,275039,17.9392	08/29	14:18	10.67	60	LH2	-3.642	16.75	+3.632	16.81	-1,-1,-1,3,-1,-1
25413,227699,18.5234	08/29	14:12	10.67	45	LH2	-3.642	16.75	+3.632	16.81	-1,-1,-1,3,-1,-1
25414,289671,32.8697	08/29	14:24	10.67	35	LH2	-3.642	16.75	+3.632	16.81	-1,-1,-1,2,-1,-1
25415,259996,53.1462	08/29	15:00	10.67	20	LH2	-3.642	16.75	+3.632	16.81	-1,-1,-1,1,-1,-1
25416,214718,135.445	08/29	15:06	10.67	10	LH2	-3.642	16.75	+3.632	16.81	-1,-1,-1,0,-1,-1
25417,247203,135.496	08/29	15:12	10.67	10	LH2	-3.642	16.75	+3.632	16.81	-1,-1,-1,0,-1,-1
25418,224869,52.9595	08/29	15:19	10.67	10	LH2	-3.642	16.75	+3.632	16.81	-1,-1,-1,0,-1,-1
25420,223609,32.6516	08/29	15:25	10.67	10	LH2	-3.642	16.75	+3.632	16.81	-1,-1,-1,2,-1,-1
25421,218558,18.3259	08/29	15:32	10.67	10	LH2	-3.642	16.75	+3.632	16.81	-1,-1,-1,3,-1,-1
25422,262551,17.5958	08/29	15:38	10.67	10	LH2	-3.642	16.75	+3.632	16.81	-1,-1,-1,3,-1,-1
25431,742485,33.3284	08/29	20:32	10.67	30	LH2	-3.642	16.75	-3.632	16.81	-1,-1,-1,2,-1,-1
25456,4359,0.163943	08/30	11:16	10.67	45	LH2	+3.642	16.75	-3.632	10.31	-1,-1,-1,2,-1,-1
25461,6445,0.183053	08/30	13:12	10.67	50	Copper	+3.642	16.75	-3.632	10.31	-1,-1,-1,3,-1,-1
25470,5413,0.492496	08/30	20:09	10.67	18	Copper	+3.642	16.75	+2.615	10.31	-1,-1,-1,1,-1,-1
25471,4524,0.358298	08/30	20:28	10.67	18	Carbon	+3.642	16.75	+2.615	10.31	-1,-1,-1,1,-1,-1
25473,3422,0.506369	08/30	21:13	10.67	10	LD2	+3.642	16.75	+2.615	10.31	-1,-1,-1,1,-1,-1
