23853	07/16	16:12	8.565	max	LH2	-4.50	14.00	-1,-1,-1,5,-1,-1
23855	07/16	16:31	8.565	max	LH2	-4.50	14.00	-1,-1,-1,4,-1,-1
23857	07/16	17:25	8.565	max	LH2	-4.50	14.00	-1,-1,5,-1,-1,-1
23858	07/16	18:12	8.565	max	LH2	-4.50	14.00	-1,-1,5,-1,-1,-1
23859	07/16	18:48	8.565	35	LH2	-4.50	14.00	-1,-1,-1,4,-1,-1
23860	07/16	19:38	8.565	30	LH2	-4.50	14.00	-1,-1,-1,4,-1,-1
23909	07/18	19:25	8.565	10	LH2	-1.531	7.87	-1,-1,-1,0,-1,-1
23918	07/18	22:45	8.565	10	LD2	-1.531	7.87	-1,-1,-1,3,-1,-1
23919	07/18	23:05	8.565	10	LD2	-1.531	7.87	-1,-1,-1,2,-1,-1
23925	07/19	00:41	8.565	15	Dummy	-1.531	7.87	-1,-1,-1,1,-1,-1
23938	07/19	03:26	8.565	10	Copper	-1.531	7.87	-1,-1,-1,0,-1,-1
23963	07/19	16:31	8.565	10	LH2	-1.531	7.87	-1,-1,-1,0,-1,-1
23968	07/19	19:40	8.565	20	Dummy	-1.531	7.87	-1,-1,-1,0,-1,-1
23971	07/19	21:14	8.565	15	Carbon	-1.531	7.87	-1,-1,-1,0,-1,-1
23976	07/20	00:17	8.565	15	Copper	-1.531	7.87	-1,-1,-1,0,-1,-1
24017	07/21	00:44	8.565	13	LH2	-1.531	7.87	-1,-1,-1,0,-1,-1
24027	07/21	06:47	8.565	10	LD2	-1.531	7.87	-1,-1,-1,0,-1,-1
24044	07/21	18:50	8.565	17	Carbon	-1.531	7.87	-1,-1,-1,0,-1,-1
24052	07/21	22:35	8.565	20	Copper	-1.531	7.87	-1,-1,-1,0,-1,-1
24083	07/22	20:05	8.565	30	LH2	-1.531	7.87	-1,-1,-1,0,-1,-1
24114	07/23	20:16	8.565	9	LD2	-1.531	7.87	-1,-1,-1,0,-1,-1
24118	07/23	22:06	8.565	20	Dummy	-1.531	7.87	-1,-1,-1,0,-1,-1
24136	07/24	07:59	8.565	10	LH2	-1.531	7.87	-1,-1,-1,0,-1,-1
24142	07/24	11:13	8.565	12	Carbon	-1.531	7.87	-1,-1,-1,-1,-1,0
24148	07/24	14:29	8.565	15	Copper	-1.531	7.87	-1,-1,-1,-1,-1,0
24183	07/25	07:22	8.565	30	LH2	-1.531	7.87	-1,-1,-1,0,-1,-1
24184	07/25	07:57	8.565	10	LH2	-1.531	7.87	-1,-1,-1,0,-1,-1
24198	07/25	16:25	8.565	17	LH2	-1.531	7.87	-1,-1,-1,0,-1,-1
24205	07/25	19:23	8.565	25	LD2	-1.531	7.87	-1,-1,-1,1,-1,-1
24209	07/25	21:24	8.565	50	Carbon	-1.531	7.87	-1,-1,-1,2,-1,-1
24212	07/25	22:45	8.565	50	Copper	-1.531	7.87	-1,-1,-1,2,-1,-1
24221	07/26	03:30	8.565	12	LD2	-1.531	7.87	-1,-1,-1,0,-1,-1
24231	07/26	09:23	8.565	17	LH2	-1.531	7.87	-1,-1,-1,0,-1,-1
24235	07/26	11:22	8.565	20	Dummy	-1.531	7.87	-1,-1,-1,0,-1,-1
24242	07/26	15:14	8.565	25	Carbon	-1.531	7.87	-1,-1,-1,0,-1,-1
24249	07/26	18:46	8.565	50	Copper	-1.531	7.87	-1,-1,-1,1,-1,-1
24256	07/26	22:21	8.565	35	LD2	-1.531	7.87	-1,-1,-1,2,-1,-1
24265	07/27	02:50	8.565	17	LH2	-1.531	7.87	-1,-1,-1,0,-1,-1
24284	07/27	13:30	8.565	50	LD2	-1.531	7.87	-1,-1,-1,3,-1,-1
24285	07/27	13:49	8.565	40	LD2	-1.531	7.87	-1,-1,-1,2,-1,-1
24286	07/27	14:08	8.565	30	LD2	-1.531	7.87	-1,-1,-1,2,-1,-1
24287	07/27	14:28	8.565	20	LD2	-1.531	7.87	-1,-1,-1,1,-1,-1
24289	07/27	15:04	8.565	10	LD2	-1.531	7.87	-1,-1,-1,0,-1,-1
24290	07/27	15:38	8.565	7	LD2	-1.531	7.87	-1,-1,-1,0,-1,-1
24291	07/27	16:09	8.565	3	LD2	-1.531	7.87	-1,-1,-1,0,-1,-1
24292	07/27	16:25	8.565	3	LH2	-1.531	7.87	-1,-1,-1,0,-1,-1
24293	07/27	16:40	8.565	7	LH2	-1.531	7.87	-1,-1,-1,0,-1,-1
24294	07/27	16:53	8.565	10	LH2	-1.531	7.87	-1,-1,-1,0,-1,-1
24295	07/27	17:07	8.565	20	LH2	-1.531	7.87	-1,-1,-1,0,-1,-1
24296	07/27	17:18	8.565	30	LH2	-1.531	7.87	-1,-1,-1,0,-1,-1
24297	07/27	17:30	8.565	40	LH2	-1.531	7.87	-1,-1,-1,1,-1,-1
24298	07/27	17:35	8.565	40	LH2	-1.531	7.87	-1,-1,-1,1,-1,-1
24299	07/27	17:51	8.565	50	LH2	-1.531	7.87	-1,-1,-1,3,-1,-1
24301	07/28	05:33	8.565	50	Carbon	-1.531	7.87	-1,-1,-1,2,-1,-1
24303	07/28	05:54	8.565	40	Carbon	-1.531	7.87	-1,-1,-1,1,-1,-1
24304	07/28	06:13	8.565	30	Carbon	-1.531	7.87	-1,-1,-1,1,-1,-1
24306	07/28	06:52	8.565	20	Carbon	-1.531	7.87	-1,-1,-1,0,-1,-1
24307	07/28	07:06	8.565	10	Carbon	-1.531	7.87	-1,-1,-1,0,-1,-1
24308	07/28	07:19	8.565	7	Carbon	-1.531	7.87	-1,-1,-1,0,-1,-1
24309	07/28	07:30	8.565	3	Carbon	-1.531	7.87	-1,-1,-1,0,-1,-1
24319	07/28	13:46	8.565	7	LD2	-1.531	7.87	-1,-1,-1,0,-1,-1
24333	07/28	20:48	8.565	10	LH2	-1.531	7.87	-1,-1,-1,0,-1,-1
24340	07/29	01:00	8.565	20	Dummy	-1.531	7.87	-1,-1,-1,0,-1,-1
24350	07/29	06:11	8.565	13	Carbon	-1.531	7.87	-1,-1,-1,0,-1,-1
24361	07/29	12:06	8.565	28	Copper	-1.531	7.87	-1,-1,-1,0,-1,-1
24373	07/29	18:33	8.565	25	Aluminum	-1.531	7.87	-1,-1,-1,0,-1,-1
24375	07/29	19:05	8.565	25	Aluminum	-1.531	7.87	-1,-1,3,-1,-1,-1
24438	08/01	03:08	8.565	8	LD2	-1.531	7.87	-1,-1,-1,0,-1,-1
24440	08/01	03:28	8.565	8	LD2	-1.531	7.87	-1,-1,4,-1,-1,-1
24455	08/01	14:56	8.565	8	LH2	-1.531	7.87	-1,-1,-1,0,-1,-1
24456	08/01	15:11	8.565	8	LH2	-1.531	7.87	-1,-1,3,-1,-1,-1
24465	08/01	18:20	8.565	10	Dummy	-1.531	7.87	-1,-1,-1,0,-1,-1
24466	08/01	18:39	8.565	10	Dummy	-1.531	7.87	-1,-1,3,-1,-1,-1
24481	08/02	01:54	8.565	6	Carbon	-1.531	7.87	-1,-1,-1,0,-1,-1
24482	08/02	02:35	8.565	6	Carbon	-1.531	7.87	-1,-1,0,-1,-1,-1
24483	08/02	02:49	8.565	6	Carbon	-1.531	7.87	-1,-1,3,-1,-1,-1
24495	08/02	08:18	8.565	6	Copper	-1.531	7.87	-1,-1,-1,0,-1,-1
24496	08/02	09:09	8.565	6	Copper	-1.531	7.87	-1,-1,0,-1,-1,-1
24498	08/02	09:47	8.565	6	Copper	-1.531	7.87	-1,-1,3,-1,-1,-1
24537	08/03	12:09	8.565	35	LD2	+1.531	7.87	-1,-1,-1,2,-1,-1
24541	08/03	14:11	8.565	35	LD2	+1.531	7.87	-1,-1,-1,2,-1,-1
24544	08/03	15:17	8.565	50	LH2	+1.531	7.87	-1,-1,-1,2,-1,-1
24546	08/03	16:11	8.565	40	Dummy	+1.531	7.87	-1,-1,-1,0,-1,-1
24549	08/03	17:02	8.565	50	Carbon	+1.531	7.87	-1,-1,-1,2,-1,-1
24551	08/03	18:00	8.565	50	Copper	+1.531	7.87	-1,-1,-1,2,-1,-1
24573	08/04	11:16	8.565	35	LD2	+1.531	7.87	-1,-1,-1,2,-1,-1
24575	08/04	12:21	8.565	35	LH2	+1.531	7.87	-1,-1,-1,1,-1,-1
24577	08/04	13:18	8.565	40	Dummy	+1.531	7.87	-1,-1,-1,1,-1,-1
24579	08/04	14:09	8.565	35	Carbon	+1.531	7.87	-1,-1,-1,1,-1,-1
24581	08/04	15:03	8.565	35	Copper	+1.531	7.87	-1,-1,-1,1,-1,-1
24626	08/07	02:00	8.565	40	LD2	-1.531	11.07	-1,-1,-1,2,-1,-1
24637	08/07	08:44	8.565	16	LH2	-1.531	11.07	-1,-1,-1,1,-1,-1
24644	08/07	21:29	8.565	40	Dummy	-1.531	11.07	-1,-1,-1,0,-1,-1
24652	08/08	01:45	8.565	48	Carbon	-1.531	11.07	-1,-1,-1,2,-1,-1
24663	08/08	07:29	8.565	48	Copper	-1.531	11.07	-1,-1,-1,1,-1,-1
24705	08/09	11:04	8.565	55	LH2	-1.531	11.07	-1,-1,-1,1,-1,-1
24711	08/09	14:43	8.565	40	Dummy	-1.531	11.07	-1,-1,-1,1,-1,-1
24750	08/10	19:44	8.565	55	LH2	-1.531	14.37	-1,-1,-1,1,-1,-1
24763	08/11	02:25	8.565	40	Dummy	-1.531	14.37	-1,-1,-1,-1,-1,-1
24792	08/11	20:33	8.565	55	LH2	-1.531	14.37	-1,-1,-1,0,-1,-1
24800	08/12	00:17	8.565	40	Dummy	-1.531	14.37	-1,-1,-1,0,-1,-1
24847	08/13	07:37	8.565	20	Carbon	+1.531	12.00	-1,-1,-1,0,-1,-1
24848	08/13	07:59	8.565	40	Carbon	+1.531	12.00	-1,-1,-1,1,-1,-1
24849	08/13	08:42	8.565	40	Carbon	+1.531	12.00	-1,-1,-1,1,-1,-1
24884	08/14	17:52	10.67	40	LD2	-3.642	7.51	-1,-1,-1,3,-1,-1
24891	08/15	00:38	10.67	55	LH2	-3.642	7.51	-1,-1,-1,3,-1,-1
24895	08/15	02:39	10.67	40	Dummy	-3.642	7.51	-1,-1,-1,2,-1,-1
24900	08/15	05:53	10.67	50	Carbon	-3.642	7.51	-1,-1,-1,4,-1,-1
24905	08/15	12:01	10.67	50	Copper	-3.642	7.51	-1,-1,-1,3,-1,-1
24906	08/15	12:18	10.67	50	Copper	-3.642	7.51	-1,-1,-1,3,-1,-1
24911	08/15	16:00	10.67	9.5	LD2	-3.642	7.51	-1,-1,-1,1,-1,-1
24922	08/15	22:47	10.67	38	LH2	-3.642	7.51	-1,-1,-1,2,-1,-1
24925	08/16	00:23	10.67	40	Dummy	-3.642	7.51	-1,-1,-1,0,-1,-1
24931	08/16	13:12	10.67	35	Carbon	-3.642	7.51	-1,-1,-1,3,-1,-1
24936	08/16	15:57	10.67	40	Copper	-3.642	7.51	-1,-1,-1,3,-1,-1
24967	08/17	09:02	10.67	8	LD2	-3.642	7.51	-1,-1,-1,1,-1,-1
24978	08/17	14:37	10.67	18	LH2	-3.642	7.51	-1,-1,-1,1,-1,-1
24983	08/17	16:36	10.67	20	Dummy	-3.642	7.51	-1,-1,-1,0,-1,-1
24989	08/17	19:36	10.67	15	Carbon	-3.642	7.51	-1,-1,-1,1,-1,-1
24996	08/17	23:02	10.67	17	Copper	-3.642	7.51	-1,-1,-1,1,-1,-1
25013	08/18	21:33	10.67	13	LD2	-3.642	7.51	-1,-1,-1,1,-1,0
25021	08/19	01:28	10.67	47	LH2	-3.642	7.51	-1,-1,-1,3,-1,-1
25023	08/19	02:16	10.67	13	LD2	-3.642	7.51	-1,-1,-1,2,-1,-1
25028	08/19	07:11	10.67	40	Dummy	-3.642	7.51	-1,-1,-1,2,-1,-1
25036	08/19	18:17	10.67	42	Carbon	-3.642	7.51	-1,-1,-1,3,-1,-1
25042	08/19	21:41	10.67	45	Copper	-3.642	7.51	-1,-1,-1,3,-1,-1
25047	08/20	00:10	10.67	9	LD2	-3.642	7.51	-1,-1,-1,1,-1,-1
25054	08/20	03:57	10.67	37	LH2	-3.642	7.51	-1,-1,-1,2,-1,-1
25057	08/20	05:32	10.67	40	Dummy	-3.642	7.51	-1,-1,-1,2,-1,-1
25081	08/21	04:43	10.67	8	LD2	-3.642	7.51	-1,-1,-1,1,-1,-1
25089	08/21	15:14	10.67	18	LH2	-3.642	7.51	-1,-1,-1,1,-1,-1
25094	08/21	17:21	10.67	20	Dummy	-3.642	7.51	-1,-1,-1,0,-1,-1
25101	08/21	20:27	10.67	18	Carbon	-3.642	7.51	-1,-1,-1,1,-1,-1
25106	08/21	23:29	10.67	21	Copper	-3.642	7.51	-1,-1,-1,1,-1,-1
25125	08/22	10:25	10.67	20	LD2	-3.642	10.305	-1,-1,-1,2,-1,-1
25132	08/22	13:04	10.67	24	LH2	-3.642	10.305	-1,-1,-1,1,-1,-1
25133	08/22	13:31	10.67	24	LH2	-3.642	10.305	-1,-1,3,-1,-1,-1
25136	08/22	14:54	10.67	40	Dummy	-3.642	10.305	-1,-1,-1,1,-1,-1
25137	08/22	15:10	10.67	40	Dummy	-3.642	10.305	-1,-1,3,-1,-1,-1
25142	08/22	18:00	10.67	25	LD2	-3.642	10.305	-1,-1,-1,3,-1,-1
25145	08/22	18:43	10.67	25	LD2	-3.642	10.305	-1,-1,-1,3,-1,-1
25152	08/22	22:22	10.67	25	LH2	-3.642	10.305	-1,-1,-1,3,-1,-1
25155	08/22	23:35	10.67	40	Dummy	-3.642	10.305	-1,-1,-1,3,-1,-1
25178	08/23	14:00	10.67	20	LD2	-3.642	10.305	-1,-1,-1,3,-1,-1
25186	08/23	18:10	10.67	25	LH2	-3.642	10.305	-1,-1,-1,1,-1,-1
25212	08/24	08:23	10.67	16	LH2	-3.642	10.305	-1,-1,-1,1,-1,-1
25215	08/24	09:38	10.67	40	Dummy	-3.642	10.305	-1,-1,-1,2,-1,-1
25232	08/24	19:25	10.67	25	LD2	-3.642	10.305	-1,-1,-1,4,-1,-1
25238	08/24	22:21	10.67	25	LH2	-3.642	10.305	-1,-1,-1,1,-1,-1
25243	08/25	00:05	10.67	40	Dummy	-3.642	10.305	-1,-1,-1,0,-1,-1
25250	08/25	03:41	10.67	25	Carbon	-3.642	10.305	-1,-1,-1,2,-1,-1
25253	08/25	05:44	10.67	50	Copper	-3.642	10.305	-1,-1,-1,3,-1,-1
25260	08/25	11:45	10.67	25	LD2	-3.642	10.305	-1,-1,-1,3,-1,-1
25267	08/25	15:49	10.67	28	LH2	-3.642	10.305	-1,-1,-1,2,-1,-1
25270	08/25	17:04	10.67	40	Dummy	-3.642	10.305	-1,-1,-1,2,-1,-1
25274	08/25	18:54	10.67	55	Carbon	-3.642	10.305	-1,-1,-1,4,-1,-1
25278	08/25	20:53	10.67	55	Copper	-3.642	10.305	-1,-1,-1,3,-1,-1
25284	08/26	02:06	10.67	10	LD2	-3.642	10.305	-1,-1,-1,1,-1,-1
25291	08/26	05:22	10.67	21	LH2	-3.642	10.305	-1,-1,-1,1,-1,-1
25294	08/26	06:35	10.67	40	Dummy	-3.642	10.305	-1,-1,-1,2,-1,-1
25297	08/26	08:02	10.67	37	Carbon	-3.642	10.305	-1,-1,-1,3,-1,-1
25302	08/26	12:23	10.67	47	Copper	-3.642	10.305	-1,-1,-1,3,-1,-1
25308	08/26	19:12	10.67	25	Aluminum	-3.642	10.305	-1,-1,-1,0,-1,-1
25325	08/27	20:54	10.67	5	C-hole	-3.642	10.305	-1,-1,-1,1,-1,-1
25326	08/27	21:13	10.67	5	C-hole	-3.642	10.305	-1,-1,-1,1,-1,-1
25335	08/28	00:55	10.67	10	LH2	-3.642	10.305	-1,-1,-1,0,-1,-1
25361	08/28	17:46	10.67	30	LH2	-3.642	13.51	-1,-1,-1,1,-1,-1
25367	08/28	20:32	10.67	22	LD2	-3.642	13.51	-1,-1,-1,2,-1,-1
25369	08/28	21:30	10.67	40	Dummy	-3.642	13.51	-1,-1,-1,2,-1,-1
25373	08/28	23:33	10.67	50	Carbon	-3.642	13.51	-1,-1,-1,2,-1,0
25378	08/29	01:43	10.67	60	Copper	-3.642	13.51	-1,-1,-1,4,-1,-1
25391	08/29	09:37	10.67	30	LH2	-3.642	16.81	-1,-1,-1,4,-1,0
25396	08/29	12:29	10.67	10	LH2	-3.642	16.81	-1,-1,-1,0,-1,-1
25397	08/29	12:48	10.67	20	LH2	-3.642	16.81	-1,-1,-1,1,-1,-1
25399	08/29	12:57	10.67	35	LH2	-3.642	16.81	-1,-1,-1,2,-1,-1
25400	08/29	13:02	10.67	45	LH2	-3.642	16.81	-1,-1,-1,2,-1,-1
25401	08/29	13:08	10.67	60	LH2	-3.642	16.81	-1,-1,-1,3,-1,-1
25402	08/29	13:15	10.67	60	LH2	-3.642	16.81	-1,-1,-1,3,-1,-1
25403	08/29	13:20	10.67	45	LH2	-3.642	16.81	-1,-1,-1,3,-1,-1
25404	08/29	13:25	10.67	35	LH2	-3.642	16.81	-1,-1,-1,2,-1,-1
25405	08/29	13:32	10.67	20	LH2	-3.642	16.81	-1,-1,-1,1,-1,-1
25406	08/29	13:38	10.67	10	LH2	-3.642	16.81	-1,-1,-1,0,-1,-1
25407	08/29	13:46	10.67	10	LH2	-3.642	16.81	-1,-1,-1,0,-1,-1
25408	08/29	13:53	10.67	20	LH2	-3.642	16.81	-1,-1,-1,1,-1,-1
25409	08/29	13:59	10.67	35	LH2	-3.642	16.81	-1,-1,-1,2,-1,-1
25410	08/29	14:06	10.67	45	LH2	-3.642	16.81	-1,-1,-1,3,-1,-1
25411	08/29	14:12	10.67	60	LH2	-3.642	16.81	-1,-1,-1,3,-1,-1
25412	08/29	14:18	10.67	60	LH2	-3.642	16.81	-1,-1,-1,3,-1,-1
25413	08/29	14:12	10.67	45	LH2	-3.642	16.81	-1,-1,-1,3,-1,-1
25414	08/29	14:24	10.67	35	LH2	-3.642	16.81	-1,-1,-1,2,-1,-1
25415	08/29	15:00	10.67	20	LH2	-3.642	16.81	-1,-1,-1,1,-1,-1
25416	08/29	15:06	10.67	10	LH2	-3.642	16.81	-1,-1,-1,0,-1,-1
25417	08/29	15:12	10.67	10	LH2	-3.642	16.81	-1,-1,-1,0,-1,-1
25418	08/29	15:19	10.67	10	LH2	-3.642	16.81	-1,-1,-1,0,-1,-1
25420	08/29	15:25	10.67	10	LH2	-3.642	16.81	-1,-1,-1,2,-1,-1
25421	08/29	15:32	10.67	10	LH2	-3.642	16.81	-1,-1,-1,3,-1,-1
25422	08/29	15:38	10.67	10	LH2	-3.642	16.81	-1,-1,-1,3,-1,-1
25431	08/29	20:32	10.67	30	LH2	-3.642	16.81	-1,-1,-1,2,-1,-1
25456	08/30	11:16	10.67	45	LH2	+3.642	10.31	-1,-1,-1,2,-1,-1
25461	08/30	13:12	10.67	50	Copper	+3.642	10.31	-1,-1,-1,3,-1,-1
25470	08/30	20:09	10.67	18	Copper	+3.642	10.31	-1,-1,-1,1,-1,-1
25471	08/30	20:28	10.67	18	Carbon	+3.642	10.31	-1,-1,-1,1,-1,-1
25473	08/30	21:13	10.67	10	LD2	+3.642	10.31	-1,-1,-1,1,-1,-1
